p = 0 3 1 2 
q = 2 1 0 3 
    --------
r = 3 0 2 1 

p = 0 3 2 1 
q = 1 2 0 3 
    --------
r = 2 1 3 0 

n = 4, cnt = 2

p = 2 5 1 0 4 3 
q = 0 1 3 4 2 5 
    ------------
r = 3 0 4 5 1 2 

p = 2 5 3 0 4 1 
q = 0 3 1 4 2 5 
    ------------
r = 3 2 4 5 1 0 

p = 3 5 1 0 4 2 
q = 0 1 2 4 3 5 
    ------------
r = 4 0 3 5 2 1 

p = 3 5 2 0 4 1 
q = 0 2 1 4 3 5 
    ------------
r = 4 1 3 5 2 0 

p = 4 5 1 0 2 3 
q = 0 1 3 2 4 5 
    ------------
r = 5 0 4 3 1 2 

p = 4 5 1 0 3 2 
q = 0 1 2 3 4 5 
    ------------
r = 5 0 3 4 2 1 

p = 4 5 2 0 3 1 
q = 0 2 1 3 4 5 
    ------------
r = 5 1 3 4 2 0 

p = 4 5 3 0 2 1 
q = 0 3 1 2 4 5 
    ------------
r = 5 2 4 3 1 0 

n = 6, cnt = 8

p = 0 7 1 2 3 4 6 5 
q = 2 1 4 3 5 6 0 7 
    ----------------
r = 3 0 5 6 1 2 7 4 

p = 0 7 1 2 3 6 4 5 
q = 2 1 6 3 5 4 0 7 
    ----------------
r = 3 0 7 6 1 2 5 4 

p = 0 7 1 4 6 2 5 3 
q = 4 1 2 6 3 5 0 7 
    ----------------
r = 5 0 4 3 1 7 6 2 

p = 0 7 2 1 4 5 3 6 
q = 1 2 5 4 6 3 0 7 
    ----------------
r = 2 1 7 6 3 0 4 5 

p = 0 7 2 1 6 3 4 5 
q = 1 2 3 6 5 4 0 7 
    ----------------
r = 2 1 6 0 3 7 5 4 

p = 0 7 3 2 1 4 5 6 
q = 2 3 4 1 6 5 0 7 
    ----------------
r = 3 2 7 4 0 1 6 5 

p = 0 7 4 1 2 3 5 6 
q = 1 4 3 2 6 5 0 7 
    ----------------
r = 2 3 7 4 1 0 6 5 

p = 0 7 4 1 3 2 6 5 
q = 1 4 2 3 5 6 0 7 
    ----------------
r = 2 3 6 5 1 0 7 4 

p = 1 2 3 5 4 0 6 7 
q = 5 3 0 4 7 6 1 2 
    ----------------
r = 6 5 4 2 3 7 0 1 

p = 1 3 4 0 6 7 5 2 
q = 0 4 7 6 2 5 1 3 
    ----------------
r = 2 0 3 7 1 4 6 5 

p = 1 6 5 0 2 3 4 7 
q = 0 5 3 2 7 4 1 6 
    ----------------
r = 2 4 0 3 1 7 6 5 

p = 2 3 4 0 6 5 1 7 
q = 0 4 5 6 7 1 2 3 
    ----------------
r = 3 0 1 7 5 6 4 2 

p = 2 5 1 3 4 0 6 7 
q = 3 1 0 4 7 6 2 5 
    ----------------
r = 5 6 2 0 3 7 1 4 

p = 2 6 5 0 1 4 3 7 
q = 0 5 4 1 7 3 2 6 
    ----------------
r = 3 4 1 2 0 7 6 5 

p = 2 7 1 0 3 5 4 6 
q = 0 1 5 3 6 4 2 7 
    ----------------
r = 3 0 6 4 2 1 7 5 

p = 2 7 1 0 4 6 3 5 
q = 0 1 6 4 5 3 2 7 
    ----------------
r = 3 0 7 5 2 1 6 4 

p = 3 5 4 0 6 7 2 1 
q = 0 4 7 6 1 2 3 5 
    ----------------
r = 4 2 3 7 0 1 5 6 

p = 3 6 4 0 1 5 2 7 
q = 0 4 5 1 7 2 3 6 
    ----------------
r = 4 3 1 2 0 7 6 5 

p = 4 2 5 0 3 6 1 7 
q = 0 5 6 3 7 1 4 2 
    ----------------
r = 5 0 3 4 2 7 6 1 

p = 5 3 6 0 4 1 2 7 
q = 0 6 1 4 7 2 5 3 
    ----------------
r = 6 1 7 5 3 4 0 2 

p = 5 7 1 0 3 2 4 6 
q = 0 1 2 3 6 4 5 7 
    ----------------
r = 6 0 3 4 1 7 2 5 

p = 5 7 4 0 6 1 2 3 
q = 0 4 1 6 3 2 5 7 
    ----------------
r = 6 3 5 7 1 4 0 2 

p = 6 3 5 0 4 1 2 7 
q = 0 5 1 4 7 2 6 3 
    ----------------
r = 7 0 6 5 3 4 1 2 

p = 6 7 1 0 4 2 3 5 
q = 0 1 2 4 5 3 6 7 
    ----------------
r = 7 0 3 5 1 6 2 4 

p = 6 7 3 0 5 2 1 4 
q = 0 3 2 5 4 1 6 7 
    ----------------
r = 7 2 5 6 1 4 0 3 

p = 6 7 4 0 5 1 2 3 
q = 0 4 1 5 3 2 6 7 
    ----------------
r = 7 3 5 6 0 4 1 2 

n = 8, cnt = 26

p = 0 2 7 1 3 6 8 4 5 9 
q = 1 7 6 3 4 8 9 5 0 2 
    --------------------
r = 2 0 3 4 8 5 7 9 6 1 

p = 0 2 7 5 4 6 8 3 1 9 
q = 5 7 6 4 3 8 9 1 0 2 
    --------------------
r = 6 0 3 9 8 5 7 4 2 1 

p = 0 3 7 1 4 2 5 9 6 8 
q = 1 7 2 4 9 5 8 6 0 3 
    --------------------
r = 2 0 9 6 3 8 4 5 7 1 

p = 0 3 7 1 6 2 4 9 5 8 
q = 1 7 2 6 9 4 8 5 0 3 
    --------------------
r = 2 0 9 8 5 7 3 4 6 1 

p = 0 3 7 8 5 6 1 2 4 9 
q = 8 7 6 5 2 1 9 4 0 3 
    --------------------
r = 9 1 4 3 7 8 0 6 5 2 

p = 0 3 7 8 6 5 1 2 4 9 
q = 8 7 5 6 2 1 9 4 0 3 
    --------------------
r = 9 1 3 4 8 7 0 6 5 2 

p = 0 3 8 2 5 1 4 9 6 7 
q = 2 8 1 5 9 4 7 6 0 3 
    --------------------
r = 3 1 9 8 4 6 2 5 7 0 

p = 0 3 8 5 2 6 1 9 4 7 
q = 5 8 6 2 9 1 7 4 0 3 
    --------------------
r = 6 2 4 8 1 7 9 3 5 0 

p = 0 4 5 1 3 6 8 2 7 9 
q = 1 5 6 3 2 8 9 7 0 4 
    --------------------
r = 2 0 1 4 6 5 7 9 8 3 

p = 0 4 5 7 2 6 8 3 1 9 
q = 7 5 6 2 3 8 9 1 0 4 
    --------------------
r = 8 0 1 9 6 5 7 4 2 3 

p = 0 4 7 3 8 1 6 2 5 9 
q = 3 7 1 8 2 6 9 5 0 4 
    --------------------
r = 4 1 9 2 0 8 5 7 6 3 

p = 0 4 7 5 8 1 3 2 6 9 
q = 5 7 1 8 2 3 9 6 0 4 
    --------------------
r = 6 1 9 4 0 5 2 8 7 3 

p = 0 4 7 8 3 6 1 2 5 9 
q = 8 7 6 3 2 1 9 5 0 4 
    --------------------
r = 9 2 4 1 5 8 0 7 6 3 

p = 0 4 7 8 6 3 1 2 5 9 
q = 8 7 3 6 2 1 9 5 0 4 
    --------------------
r = 9 2 1 4 8 5 0 7 6 3 

p = 0 4 8 1 5 3 2 9 7 6 
q = 1 8 3 5 9 2 6 7 0 4 
    --------------------
r = 2 3 1 7 4 5 9 6 8 0 

p = 0 5 7 3 2 9 1 4 8 6 
q = 3 7 9 2 4 1 6 8 0 5 
    --------------------
r = 4 3 6 5 7 0 8 2 9 1 

p = 0 5 7 8 3 4 1 2 6 9 
q = 8 7 4 3 2 1 9 6 0 5 
    --------------------
r = 9 3 2 1 5 6 0 8 7 4 

p = 0 5 7 8 4 3 1 2 6 9 
q = 8 7 3 4 2 1 9 6 0 5 
    --------------------
r = 9 3 1 2 6 5 0 8 7 4 

p = 0 6 4 1 7 2 8 5 3 9 
q = 1 4 2 7 5 8 9 3 0 6 
    --------------------
r = 2 0 6 9 3 1 7 8 4 5 

p = 0 6 4 2 3 5 8 7 1 9 
q = 2 4 5 3 7 8 9 1 0 6 
    --------------------
r = 3 0 9 6 1 4 7 8 2 5 

p = 0 6 4 2 5 3 7 8 1 9 
q = 2 4 3 5 8 7 9 1 0 6 
    --------------------
r = 3 0 7 8 4 1 6 9 2 5 

p = 0 6 4 3 5 2 8 7 1 9 
q = 3 4 2 5 7 8 9 1 0 6 
    --------------------
r = 4 0 6 9 3 1 7 8 2 5 

p = 0 6 5 3 2 4 8 7 1 9 
q = 3 5 4 2 7 8 9 1 0 6 
    --------------------
r = 4 1 9 6 0 3 7 8 2 5 

p = 0 6 5 3 4 1 8 7 2 9 
q = 3 5 1 4 7 8 9 2 0 6 
    --------------------
r = 4 1 6 8 2 0 7 9 3 5 

p = 0 6 5 3 4 2 7 8 1 9 
q = 3 5 2 4 8 7 9 1 0 6 
    --------------------
r = 4 1 7 8 3 0 6 9 2 5 

p = 0 6 5 3 8 1 4 2 7 9 
q = 3 5 1 8 2 4 9 7 0 6 
    --------------------
r = 4 1 7 2 0 6 3 9 8 5 

p = 0 6 5 4 3 1 2 9 8 7 
q = 4 5 1 3 9 2 7 8 0 6 
    --------------------
r = 5 1 6 8 2 4 0 7 9 3 

p = 0 6 5 7 1 2 3 9 4 8 
q = 7 5 2 1 9 3 8 4 0 6 
    --------------------
r = 8 1 7 9 0 6 2 3 5 4 

p = 0 6 5 8 7 2 4 3 1 9 
q = 8 5 2 7 3 4 9 1 0 6 
    --------------------
r = 9 1 8 6 0 7 3 4 2 5 

p = 0 6 7 1 4 2 8 5 3 9 
q = 1 7 2 4 5 8 9 3 0 6 
    --------------------
r = 2 3 9 6 0 1 7 8 4 5 

p = 0 6 7 1 4 3 2 9 8 5 
q = 1 7 3 4 9 2 5 8 0 6 
    --------------------
r = 2 4 0 6 3 5 8 7 9 1 

p = 0 6 7 2 3 9 1 4 8 5 
q = 2 7 9 3 4 1 5 8 0 6 
    --------------------
r = 3 4 6 5 8 0 7 2 9 1 

p = 0 6 7 3 4 2 8 5 1 9 
q = 3 7 2 4 5 8 9 1 0 6 
    --------------------
r = 4 3 9 8 0 1 7 6 2 5 

p = 0 6 7 8 2 3 4 5 1 9 
q = 8 7 3 2 5 4 9 1 0 6 
    --------------------
r = 9 4 1 0 7 8 3 6 2 5 

p = 0 6 7 8 3 2 4 5 1 9 
q = 8 7 2 3 5 4 9 1 0 6 
    --------------------
r = 9 4 0 1 8 7 3 6 2 5 

p = 0 6 7 8 3 4 1 5 2 9 
q = 8 7 4 3 5 1 9 2 0 6 
    --------------------
r = 9 4 2 1 8 6 0 7 3 5 

p = 0 6 8 1 4 9 2 5 3 7 
q = 1 8 9 4 5 2 7 3 0 6 
    --------------------
r = 2 5 7 6 0 1 9 8 4 3 

p = 0 6 8 1 7 9 2 5 3 4 
q = 1 8 9 7 5 2 4 3 0 6 
    --------------------
r = 2 5 7 9 3 1 6 8 4 0 

p = 0 6 8 2 1 4 3 9 7 5 
q = 2 8 4 1 9 3 5 7 0 6 
    --------------------
r = 3 5 2 4 0 7 9 6 8 1 

p = 0 6 8 2 3 9 5 7 1 4 
q = 2 8 9 3 7 5 4 1 0 6 
    --------------------
r = 3 5 7 6 1 4 9 8 2 0 

p = 0 6 8 3 2 9 4 7 1 5 
q = 3 8 9 2 7 4 5 1 0 6 
    --------------------
r = 4 5 7 6 0 3 9 8 2 1 

p = 0 6 8 3 4 9 1 7 2 5 
q = 3 8 9 4 7 1 5 2 0 6 
    --------------------
r = 4 5 7 8 2 0 6 9 3 1 

p = 0 6 8 3 4 9 2 5 1 7 
q = 3 8 9 4 5 2 7 1 0 6 
    --------------------
r = 4 5 7 8 0 1 9 6 2 3 

p = 0 6 8 3 5 9 2 7 1 4 
q = 3 8 9 5 7 2 4 1 0 6 
    --------------------
r = 4 5 7 9 3 1 6 8 2 0 

p = 0 7 3 2 5 4 6 8 1 9 
q = 2 3 4 5 8 6 9 1 0 7 
    --------------------
r = 3 0 7 8 4 1 5 9 2 6 

p = 0 7 3 2 6 5 8 4 1 9 
q = 2 3 5 6 4 8 9 1 0 7 
    --------------------
r = 3 0 8 9 1 4 7 5 2 6 

p = 0 7 3 4 8 5 2 6 1 9 
q = 4 3 5 8 6 2 9 1 0 7 
    --------------------
r = 5 0 9 3 4 8 1 7 2 6 

p = 0 7 4 1 3 5 8 6 2 9 
q = 1 4 5 3 6 8 9 2 0 7 
    --------------------
r = 2 1 9 5 0 4 7 8 3 6 

p = 0 7 4 1 6 5 8 3 2 9 
q = 1 4 5 6 3 8 9 2 0 7 
    --------------------
r = 2 1 9 8 0 4 7 5 3 6 

p = 0 7 4 1 8 2 6 5 3 9 
q = 1 4 2 8 5 6 9 3 0 7 
    --------------------
r = 2 1 7 0 3 9 5 8 4 6 

p = 0 7 4 1 8 3 2 9 5 6 
q = 1 4 3 8 9 2 6 5 0 7 
    --------------------
r = 2 1 8 0 7 5 9 4 6 3 

p = 0 7 4 2 5 1 8 6 3 9 
q = 2 4 1 5 6 8 9 3 0 7 
    --------------------
r = 3 1 5 8 2 0 7 9 4 6 

p = 0 7 4 2 5 3 6 8 1 9 
q = 2 4 3 5 8 6 9 1 0 7 
    --------------------
r = 3 1 7 8 4 0 5 9 2 6 

p = 0 7 4 2 6 1 8 5 3 9 
q = 2 4 1 6 5 8 9 3 0 7 
    --------------------
r = 3 1 5 9 2 0 7 8 4 6 

p = 0 7 4 3 1 2 5 9 8 6 
q = 3 4 2 1 9 5 6 8 0 7 
    --------------------
r = 4 1 6 5 0 8 2 7 9 3 

p = 0 7 4 3 5 1 8 6 2 9 
q = 3 4 1 5 6 8 9 2 0 7 
    --------------------
r = 4 1 5 9 2 0 7 8 3 6 

p = 0 7 4 3 6 1 2 9 8 5 
q = 3 4 1 6 9 2 5 8 0 7 
    --------------------
r = 4 1 6 0 5 3 8 7 9 2 

p = 0 7 4 5 8 3 2 9 1 6 
q = 5 4 3 8 9 2 6 1 0 7 
    --------------------
r = 6 1 8 4 7 5 9 0 2 3 

p = 0 7 4 6 8 3 5 2 1 9 
q = 6 4 3 8 2 5 9 1 0 7 
    --------------------
r = 7 1 8 5 0 9 4 3 2 6 

p = 0 7 4 8 5 6 1 2 3 9 
q = 8 4 6 5 2 1 9 3 0 7 
    --------------------
r = 9 2 1 3 7 8 0 5 4 6 

p = 0 7 5 3 6 2 1 9 8 4 
q = 3 5 2 6 9 1 4 8 0 7 
    --------------------
r = 4 2 8 0 5 3 6 7 9 1 

p = 0 7 5 4 8 2 1 3 6 9 
q = 4 5 2 8 3 1 9 6 0 7 
    --------------------
r = 5 2 8 3 1 4 0 9 7 6 

p = 0 7 6 1 8 2 3 9 5 4 
q = 1 6 2 8 9 3 4 5 0 7 
    --------------------
r = 2 3 9 0 7 5 8 4 6 1 

p = 0 7 6 1 8 2 5 3 4 9 
q = 1 6 2 8 3 5 9 4 0 7 
    --------------------
r = 2 3 9 0 1 8 4 7 5 6 

p = 0 7 6 2 4 9 1 3 8 5 
q = 2 6 9 4 3 1 5 8 0 7 
    --------------------
r = 3 4 5 6 8 0 7 1 9 2 

p = 0 7 6 3 5 2 8 4 1 9 
q = 3 6 2 5 4 8 9 1 0 7 
    --------------------
r = 4 3 8 9 0 1 7 5 2 6 

p = 0 7 6 5 2 9 4 8 1 3 
q = 5 6 9 2 8 4 3 1 0 7 
    --------------------
r = 6 4 5 8 1 3 7 9 2 0 

p = 0 7 6 5 8 2 3 9 1 4 
q = 5 6 2 8 9 3 4 1 0 7 
    --------------------
r = 6 3 9 4 7 5 8 0 2 1 

p = 0 7 8 1 2 5 4 9 6 3 
q = 1 8 5 2 9 4 3 6 0 7 
    --------------------
r = 2 6 3 4 1 9 8 5 7 0 

p = 0 7 8 1 3 9 5 6 2 4 
q = 1 8 9 3 6 5 4 2 0 7 
    --------------------
r = 2 6 7 5 0 4 9 8 3 1 

p = 0 7 8 1 6 9 5 3 2 4 
q = 1 8 9 6 3 5 4 2 0 7 
    --------------------
r = 2 6 7 8 0 4 9 5 3 1 

p = 0 7 8 2 5 9 1 6 3 4 
q = 2 8 9 5 6 1 4 3 0 7 
    --------------------
r = 3 6 7 8 2 0 5 9 4 1 

p = 0 7 8 2 6 9 1 5 3 4 
q = 2 8 9 6 5 1 4 3 0 7 
    --------------------
r = 3 6 7 9 2 0 5 8 4 1 

p = 0 7 8 2 6 9 5 4 1 3 
q = 2 8 9 6 4 5 3 1 0 7 
    --------------------
r = 3 6 7 9 1 4 8 5 2 0 

p = 0 7 8 3 5 9 1 6 2 4 
q = 3 8 9 5 6 1 4 2 0 7 
    --------------------
r = 4 6 7 9 2 0 5 8 3 1 

p = 0 7 8 3 5 9 2 4 1 6 
q = 3 8 9 5 4 2 6 1 0 7 
    --------------------
r = 4 6 7 9 0 1 8 5 2 3 

p = 0 8 2 1 7 4 6 5 3 9 
q = 1 2 4 7 5 6 9 3 0 8 
    --------------------
r = 2 0 6 9 3 1 5 8 4 7 

p = 0 8 2 3 5 4 6 7 1 9 
q = 3 2 4 5 7 6 9 1 0 8 
    --------------------
r = 4 0 6 9 3 1 5 8 2 7 

p = 0 8 2 4 6 3 5 7 1 9 
q = 4 2 3 6 7 5 9 1 0 8 
    --------------------
r = 5 0 6 1 3 9 4 8 2 7 

p = 0 8 2 6 4 5 1 9 3 7 
q = 6 2 5 4 9 1 7 3 0 8 
    --------------------
r = 7 0 8 1 3 6 9 2 4 5 

p = 0 8 2 7 4 1 5 9 6 3 
q = 7 2 1 4 9 5 3 6 0 8 
    --------------------
r = 8 0 4 2 3 6 9 5 7 1 

p = 0 8 2 7 4 6 1 9 5 3 
q = 7 2 6 4 9 1 3 5 0 8 
    --------------------
r = 8 0 9 2 3 7 5 4 6 1 

p = 0 8 3 2 5 6 7 4 1 9 
q = 2 3 6 5 4 7 9 1 0 8 
    --------------------
r = 3 1 9 8 0 4 6 5 2 7 

p = 0 8 3 2 6 1 5 9 7 4 
q = 2 3 1 6 9 5 4 7 0 8 
    --------------------
r = 3 1 4 9 5 7 0 6 8 2 

p = 0 8 3 7 4 1 6 9 5 2 
q = 7 3 1 4 9 6 2 5 0 8 
    --------------------
r = 8 1 5 2 3 7 9 4 6 0 

p = 0 8 3 7 4 5 1 9 6 2 
q = 7 3 5 4 9 1 2 6 0 8 
    --------------------
r = 8 1 9 2 3 6 4 5 7 0 

p = 0 8 4 5 2 6 1 9 3 7 
q = 5 4 6 2 9 1 7 3 0 8 
    --------------------
r = 6 3 0 8 1 7 9 2 4 5 

p = 0 8 4 5 3 7 1 9 6 2 
q = 5 4 7 3 9 1 2 6 0 8 
    --------------------
r = 6 3 1 9 2 8 4 5 7 0 

p = 0 8 4 5 6 7 1 2 3 9 
q = 5 4 7 6 2 1 9 3 0 8 
    --------------------
r = 6 3 2 1 8 9 0 5 4 7 

p = 0 8 4 5 7 6 1 2 3 9 
q = 5 4 6 7 2 1 9 3 0 8 
    --------------------
r = 6 3 1 2 9 8 0 5 4 7 

p = 0 8 4 7 2 1 3 9 6 5 
q = 7 4 1 2 9 3 5 6 0 8 
    --------------------
r = 8 2 6 0 1 4 9 5 7 3 

p = 0 8 5 3 1 2 6 9 7 4 
q = 3 5 2 1 9 6 4 7 0 8 
    --------------------
r = 4 3 7 5 0 9 1 6 8 2 

p = 0 8 5 3 2 4 6 7 1 9 
q = 3 5 4 2 7 6 9 1 0 8 
    --------------------
r = 4 3 9 6 0 1 5 8 2 7 

p = 0 8 5 6 1 7 2 9 4 3 
q = 6 5 7 1 9 2 3 4 0 8 
    --------------------
r = 7 4 2 8 0 9 6 3 5 1 

p = 0 8 5 7 2 3 1 9 6 4 
q = 7 5 3 2 9 1 4 6 0 8 
    --------------------
r = 8 3 9 0 1 4 6 5 7 2 

p = 0 8 5 7 6 3 2 4 1 9 
q = 7 5 3 6 4 2 9 1 0 8 
    --------------------
r = 8 3 9 4 0 6 1 5 2 7 

p = 0 8 6 1 2 4 3 9 7 5 
q = 1 6 4 2 9 3 5 7 0 8 
    --------------------
r = 2 5 0 4 1 7 9 6 8 3 

p = 0 8 6 1 3 5 4 2 7 9 
q = 1 6 5 3 2 4 9 7 0 8 
    --------------------
r = 2 5 1 4 6 0 3 9 8 7 

p = 0 8 6 1 3 7 2 4 5 9 
q = 1 6 7 3 4 2 9 5 0 8 
    --------------------
r = 2 5 3 4 8 0 1 9 6 7 

p = 0 8 6 2 5 3 7 4 1 9 
q = 2 6 3 5 4 7 9 1 0 8 
    --------------------
r = 3 4 9 8 0 1 6 5 2 7 

p = 0 8 6 2 7 1 3 4 5 9 
q = 2 6 1 7 4 3 9 5 0 8 
    --------------------
r = 3 4 8 0 1 5 2 9 6 7 

p = 0 8 6 5 1 3 4 9 2 7 
q = 5 6 3 1 9 4 7 2 0 8 
    --------------------
r = 6 4 9 7 0 8 2 1 3 5 

p = 0 8 6 5 4 1 3 7 2 9 
q = 5 6 1 4 7 3 9 2 0 8 
    --------------------
r = 6 4 8 0 1 5 2 9 3 7 

p = 0 8 6 5 4 7 2 3 1 9 
q = 5 6 7 4 3 2 9 1 0 8 
    --------------------
r = 6 5 3 9 8 0 1 4 2 7 

p = 0 8 6 7 2 5 4 3 1 9 
q = 7 6 5 2 3 4 9 1 0 8 
    --------------------
r = 8 5 1 9 6 0 3 4 2 7 

p = 0 8 6 7 4 3 5 2 1 9 
q = 7 6 3 4 2 5 9 1 0 8 
    --------------------
r = 8 5 0 1 6 9 4 3 2 7 

p = 0 8 7 2 1 5 4 9 6 3 
q = 2 7 5 1 9 4 3 6 0 8 
    --------------------
r = 3 6 2 4 0 9 8 5 7 1 

p = 0 8 7 4 6 3 5 2 1 9 
q = 4 7 3 6 2 5 9 1 0 8 
    --------------------
r = 5 6 1 0 8 9 4 3 2 7 

p = 0 8 7 4 6 5 2 3 1 9 
q = 4 7 5 6 3 2 9 1 0 8 
    --------------------
r = 5 6 3 0 9 8 1 4 2 7 

p = 0 8 7 6 2 1 4 9 3 5 
q = 6 7 1 2 9 4 5 3 0 8 
    --------------------
r = 7 5 8 9 1 6 0 2 4 3 

p = 0 8 7 6 4 1 5 9 3 2 
q = 6 7 1 4 9 5 2 3 0 8 
    --------------------
r = 7 5 9 1 3 6 8 2 4 0 

p = 0 9 1 3 2 6 4 5 8 7 
q = 3 1 6 2 5 4 7 8 0 9 
    --------------------
r = 4 0 7 5 8 1 2 3 9 6 

p = 0 9 1 3 2 7 4 6 5 8 
q = 3 1 7 2 6 4 8 5 0 9 
    --------------------
r = 4 0 8 5 9 2 3 1 6 7 

p = 0 9 1 3 2 8 4 5 6 7 
q = 3 1 8 2 5 4 7 6 0 9 
    --------------------
r = 4 0 9 5 8 3 2 1 7 6 

p = 0 9 1 3 2 8 7 5 6 4 
q = 3 1 8 2 5 7 4 6 0 9 
    --------------------
r = 4 0 9 5 8 6 2 1 7 3 

p = 0 9 1 3 4 2 6 7 5 8 
q = 3 1 2 4 7 6 8 5 0 9 
    --------------------
r = 4 0 3 8 1 9 5 2 6 7 

p = 0 9 1 3 8 4 5 7 6 2 
q = 3 1 4 8 7 5 2 6 0 9 
    --------------------
r = 4 0 6 2 5 9 8 3 7 1 

p = 0 9 1 4 2 6 7 5 8 3 
q = 4 1 6 2 5 7 3 8 0 9 
    --------------------
r = 5 0 7 6 8 4 1 3 9 2 

p = 0 9 1 4 3 5 6 7 2 8 
q = 4 1 5 3 7 6 8 2 0 9 
    --------------------
r = 5 0 6 8 1 2 4 9 3 7 

p = 0 9 1 4 7 5 3 6 8 2 
q = 4 1 5 7 6 3 2 8 0 9 
    --------------------
r = 5 0 7 2 3 8 6 4 9 1 

p = 0 9 1 4 8 2 5 3 6 7 
q = 4 1 2 8 3 5 7 6 0 9 
    --------------------
r = 5 0 4 3 1 8 2 9 7 6 

p = 0 9 1 5 8 6 7 3 4 2 
q = 5 1 6 8 3 7 2 4 0 9 
    --------------------
r = 6 0 8 4 2 3 9 7 5 1 

p = 0 9 1 5 8 7 4 6 2 3 
q = 5 1 7 8 6 4 3 2 0 9 
    --------------------
r = 6 0 9 4 5 1 7 8 3 2 

p = 0 9 1 5 8 7 6 3 4 2 
q = 5 1 7 8 3 6 2 4 0 9 
    --------------------
r = 6 0 9 4 2 3 8 7 5 1 

p = 0 9 1 6 2 4 7 3 8 5 
q = 6 1 4 2 3 7 5 8 0 9 
    --------------------
r = 7 0 5 8 6 2 3 1 9 4 

p = 0 9 1 6 5 7 8 2 3 4 
q = 6 1 7 5 2 8 4 3 0 9 
    --------------------
r = 7 0 9 1 8 6 2 5 4 3 

p = 0 9 1 7 5 4 6 3 2 8 
q = 7 1 4 5 3 6 8 2 0 9 
    --------------------
r = 8 0 6 2 9 1 4 5 3 7 

p = 0 9 1 7 6 5 8 2 4 3 
q = 7 1 5 6 2 8 3 4 0 9 
    --------------------
r = 8 0 7 3 9 4 1 6 5 2 

p = 0 9 1 8 7 2 3 5 6 4 
q = 8 1 2 7 5 3 4 6 0 9 
    --------------------
r = 9 0 4 6 2 5 8 1 7 3 

p = 0 9 2 1 4 3 5 6 7 8 
q = 1 2 3 4 6 5 8 7 0 9 
    --------------------
r = 2 1 5 6 0 9 4 3 8 7 

p = 0 9 2 1 6 7 8 3 4 5 
q = 1 2 7 6 3 8 5 4 0 9 
    --------------------
r = 2 1 9 8 0 6 3 7 5 4 

p = 0 9 2 3 8 5 4 7 6 1 
q = 3 2 5 8 7 4 1 6 0 9 
    --------------------
r = 4 1 8 2 5 9 6 3 7 0 

p = 0 9 2 4 3 7 8 6 1 5 
q = 4 2 7 3 6 8 5 1 0 9 
    --------------------
r = 5 1 9 8 0 6 3 7 2 4 

p = 0 9 2 4 7 3 5 6 8 1 
q = 4 2 3 7 6 5 1 8 0 9 
    --------------------
r = 5 1 6 2 3 8 7 4 9 0 

p = 0 9 2 4 8 5 3 6 1 7 
q = 4 2 5 8 6 3 7 1 0 9 
    --------------------
r = 5 1 8 3 4 9 0 7 2 6 

p = 0 9 2 5 8 6 7 3 4 1 
q = 5 2 6 8 3 7 1 4 0 9 
    --------------------
r = 6 1 9 4 2 3 8 7 5 0 

p = 0 9 2 7 3 4 8 5 1 6 
q = 7 2 4 3 5 8 6 1 0 9 
    --------------------
r = 8 1 7 0 9 3 4 6 2 5 

p = 0 9 2 7 6 3 5 4 1 8 
q = 7 2 3 6 4 5 8 1 0 9 
    --------------------
r = 8 1 6 4 0 9 3 5 2 7 

p = 0 9 3 2 5 1 7 6 4 8 
q = 2 3 1 5 6 7 8 4 0 9 
    --------------------
r = 3 2 4 8 1 9 6 0 5 7 

p = 0 9 3 2 7 1 6 4 5 8 
q = 2 3 1 7 4 6 8 5 0 9 
    --------------------
r = 3 2 5 0 1 8 4 9 6 7 

p = 0 9 3 5 4 1 6 7 2 8 
q = 5 3 1 4 7 6 8 2 0 9 
    --------------------
r = 6 2 5 0 1 8 4 9 3 7 

p = 0 9 3 5 8 1 7 2 6 4 
q = 5 3 1 8 2 7 4 6 0 9 
    --------------------
r = 6 2 5 4 0 9 1 8 7 3 

p = 0 9 3 8 6 2 1 4 7 5 
q = 8 3 2 6 4 1 5 7 0 9 
    --------------------
r = 9 2 6 5 0 3 7 1 8 4 

p = 0 9 3 8 7 1 2 4 6 5 
q = 8 3 1 7 4 2 5 6 0 9 
    --------------------
r = 9 2 5 6 1 3 8 0 7 4 

p = 0 9 4 1 3 5 2 8 6 7 
q = 1 4 5 3 8 2 7 6 0 9 
    --------------------
r = 2 3 9 5 1 8 0 4 7 6 

p = 0 9 4 1 5 3 7 2 8 6 
q = 1 4 3 5 2 7 6 8 0 9 
    --------------------
r = 2 3 7 6 8 1 4 0 9 5 

p = 0 9 4 3 8 1 5 2 7 6 
q = 3 4 1 8 2 5 6 7 0 9 
    --------------------
r = 4 3 6 2 0 7 1 9 8 5 

p = 0 9 4 5 2 1 7 8 6 3 
q = 5 4 1 2 8 7 3 6 0 9 
    --------------------
r = 6 3 5 8 0 9 1 4 7 2 

p = 0 9 4 5 8 3 7 6 1 2 
q = 5 4 3 8 6 7 2 1 0 9 
    --------------------
r = 6 3 8 4 5 0 9 7 2 1 

p = 0 9 4 6 8 3 7 5 1 2 
q = 6 4 3 8 5 7 2 1 0 9 
    --------------------
r = 7 3 8 5 4 0 9 6 2 1 

p = 0 9 4 7 3 2 8 5 1 6 
q = 7 4 2 3 5 8 6 1 0 9 
    --------------------
r = 8 3 7 0 9 1 4 6 2 5 

p = 0 9 4 8 7 2 5 3 1 6 
q = 8 4 2 7 3 5 6 1 0 9 
    --------------------
r = 9 3 7 6 0 8 1 4 2 5 

p = 0 9 4 8 7 3 2 5 6 1 
q = 8 4 3 7 5 2 1 6 0 9 
    --------------------
r = 9 3 8 6 2 5 4 1 7 0 

p = 0 9 5 1 2 3 7 6 4 8 
q = 1 5 3 2 6 7 8 4 0 9 
    --------------------
r = 2 4 8 3 9 1 6 0 5 7 

p = 0 9 5 1 2 4 6 3 7 8 
q = 1 5 4 2 3 6 8 7 0 9 
    --------------------
r = 2 4 9 3 6 1 5 0 8 7 

p = 0 9 5 1 7 3 2 6 4 8 
q = 1 5 3 7 6 2 8 4 0 9 
    --------------------
r = 2 4 8 9 3 6 1 0 5 7 

p = 0 9 5 1 8 2 6 3 4 7 
q = 1 5 2 8 3 6 7 4 0 9 
    --------------------
r = 2 4 8 0 1 9 3 7 5 6 

p = 0 9 5 2 4 1 6 7 8 3 
q = 2 5 1 4 7 6 3 8 0 9 
    --------------------
r = 3 4 6 7 1 8 0 5 9 2 

p = 0 9 5 2 6 1 3 4 7 8 
q = 2 5 1 6 4 3 8 7 0 9 
    --------------------
r = 3 4 6 9 0 5 2 1 8 7 

p = 0 9 5 4 2 3 6 8 1 7 
q = 4 5 3 2 8 6 7 1 0 9 
    --------------------
r = 5 4 8 7 1 0 3 9 2 6 

p = 0 9 5 4 6 3 2 7 1 8 
q = 4 5 3 6 7 2 8 1 0 9 
    --------------------
r = 5 4 9 1 3 6 0 8 2 7 

p = 0 9 5 6 3 2 1 8 4 7 
q = 6 5 2 3 8 1 7 4 0 9 
    --------------------
r = 7 4 8 0 1 3 9 2 5 6 

p = 0 9 5 6 8 3 4 2 1 7 
q = 6 5 3 8 2 4 7 1 0 9 
    --------------------
r = 7 4 9 5 0 8 1 3 2 6 

p = 0 9 5 7 6 1 8 2 4 3 
q = 7 5 1 6 2 8 3 4 0 9 
    --------------------
r = 8 4 7 3 9 0 1 6 5 2 

p = 0 9 5 8 6 1 2 4 7 3 
q = 8 5 1 6 4 2 3 7 0 9 
    --------------------
r = 9 4 7 5 0 3 6 1 8 2 

p = 0 9 5 8 7 2 1 4 6 3 
q = 8 5 2 7 4 1 3 6 0 9 
    --------------------
r = 9 4 8 6 1 3 5 0 7 2 

p = 0 9 6 1 8 2 4 5 3 7 
q = 1 6 2 8 5 4 7 3 0 9 
    --------------------
r = 2 5 9 0 3 7 1 8 4 6 

p = 0 9 6 3 4 1 7 8 5 2 
q = 3 6 1 4 8 7 2 5 0 9 
    --------------------
r = 4 5 7 8 2 9 0 3 6 1 

p = 0 9 6 3 8 1 7 2 5 4 
q = 3 6 1 8 2 7 4 5 0 9 
    --------------------
r = 4 5 8 2 0 9 1 7 6 3 

p = 0 9 6 5 2 1 7 8 3 4 
q = 5 6 1 2 8 7 4 3 0 9 
    --------------------
r = 6 5 7 8 0 9 2 1 4 3 

p = 0 9 7 1 3 2 5 8 6 4 
q = 1 7 2 3 8 5 4 6 0 9 
    --------------------
r = 2 6 9 5 1 8 0 4 7 3 

p = 0 9 7 1 6 2 8 3 4 5 
q = 1 7 2 6 3 8 5 4 0 9 
    --------------------
r = 2 6 9 8 0 1 3 7 5 4 

p = 0 9 7 4 3 2 8 6 1 5 
q = 4 7 2 3 6 8 5 1 0 9 
    --------------------
r = 5 6 9 8 0 1 3 7 2 4 

p = 0 9 7 6 3 1 2 8 4 5 
q = 6 7 1 3 8 2 5 4 0 9 
    --------------------
r = 7 6 9 0 1 3 8 2 5 4 

p = 0 9 7 6 5 1 8 2 3 4 
q = 6 7 1 5 2 8 4 3 0 9 
    --------------------
r = 7 6 9 1 8 0 2 5 4 3 

p = 0 9 8 2 3 1 6 7 4 5 
q = 2 8 1 3 7 6 5 4 0 9 
    --------------------
r = 3 7 9 6 0 8 2 1 5 4 

p = 0 9 8 2 5 1 4 7 3 6 
q = 2 8 1 5 7 4 6 3 0 9 
    --------------------
r = 3 7 9 8 2 6 1 0 4 5 

p = 1 2 7 0 8 9 4 5 6 3 
q = 0 7 9 8 5 4 3 6 1 2 
    --------------------
r = 2 0 6 9 4 3 8 1 7 5 

p = 1 2 7 6 4 0 5 9 3 8 
q = 6 7 0 4 9 5 8 3 1 2 
    --------------------
r = 7 9 8 1 3 6 4 2 5 0 

p = 1 2 8 4 6 0 7 9 3 5 
q = 4 8 0 6 9 7 5 3 1 2 
    --------------------
r = 6 0 9 1 5 8 3 2 4 7 

p = 1 2 8 5 7 0 4 9 3 6 
q = 5 8 0 7 9 4 6 3 1 2 
    --------------------
r = 7 0 9 3 6 5 1 2 4 8 

p = 1 3 4 2 5 7 6 0 8 9 
q = 2 4 7 5 0 6 9 8 1 3 
    --------------------
r = 3 8 1 7 6 4 5 9 0 2 

p = 1 3 4 5 2 7 6 0 8 9 
q = 5 4 7 2 0 6 9 8 1 3 
    --------------------
r = 6 8 1 7 3 4 5 9 0 2 

p = 1 3 7 0 5 2 4 9 6 8 
q = 0 7 2 5 9 4 8 6 1 3 
    --------------------
r = 2 0 9 6 4 7 3 5 8 1 

p = 1 3 7 0 6 2 5 9 4 8 
q = 0 7 2 6 9 5 8 4 1 3 
    --------------------
r = 2 0 9 7 5 8 4 3 6 1 

p = 1 3 7 0 8 9 5 4 6 2 
q = 0 7 9 8 4 5 2 6 1 3 
    --------------------
r = 2 1 6 9 3 4 8 0 7 5 

p = 1 3 7 2 8 0 5 9 4 6 
q = 2 7 0 8 9 5 6 4 1 3 
    --------------------
r = 4 0 8 1 7 6 2 3 5 9 

p = 1 3 7 2 8 0 6 5 4 9 
q = 2 7 0 8 5 6 9 4 1 3 
    --------------------
r = 4 0 8 1 3 7 5 9 6 2 

p = 1 3 8 2 7 0 6 9 4 5 
q = 2 8 0 7 9 6 5 4 1 3 
    --------------------
r = 4 1 9 0 6 7 2 3 5 8 

p = 1 4 2 7 3 0 8 9 5 6 
q = 7 2 0 3 9 8 6 5 1 4 
    --------------------
r = 8 6 3 1 2 9 5 4 7 0 

p = 1 4 5 0 8 9 2 6 7 3 
q = 0 5 9 8 6 2 3 7 1 4 
    --------------------
r = 2 0 4 9 5 1 6 3 8 7 

p = 1 4 5 2 8 0 7 9 3 6 
q = 2 5 0 8 9 7 6 3 1 4 
    --------------------
r = 3 9 6 1 7 8 4 2 5 0 

p = 1 4 5 3 8 0 2 9 6 7 
q = 3 5 0 8 9 2 7 6 1 4 
    --------------------
r = 4 9 6 2 7 3 0 5 8 1 

p = 1 4 6 0 7 9 5 8 2 3 
q = 0 6 9 7 8 5 3 2 1 4 
    --------------------
r = 2 1 5 8 6 4 9 0 3 7 

p = 1 4 8 0 7 3 2 9 5 6 
q = 0 8 3 7 9 2 6 5 1 4 
    --------------------
r = 2 3 1 8 6 5 9 4 7 0 

p = 1 4 8 3 6 0 7 5 2 9 
q = 3 8 0 6 5 7 9 2 1 4 
    --------------------
r = 5 2 9 0 1 8 6 7 4 3 

p = 1 5 4 0 6 9 2 7 8 3 
q = 0 4 9 6 7 2 3 8 1 5 
    --------------------
r = 2 0 3 7 4 1 6 5 9 8 

p = 1 5 4 0 7 9 6 8 3 2 
q = 0 4 9 7 8 6 2 3 1 5 
    --------------------
r = 2 0 3 8 6 5 9 1 4 7 

p = 1 5 4 6 3 0 7 9 2 8 
q = 6 4 0 3 9 7 8 2 1 5 
    --------------------
r = 7 9 5 0 2 8 6 1 4 3 

p = 1 5 6 0 8 2 7 4 3 9 
q = 0 6 2 8 4 7 9 3 1 5 
    --------------------
r = 2 1 8 9 3 0 6 7 5 4 

p = 1 5 6 2 7 0 8 9 4 3 
q = 2 6 0 7 9 8 3 4 1 5 
    --------------------
r = 4 1 7 0 6 9 2 3 5 8 

p = 1 5 8 4 6 0 7 9 3 2 
q = 4 8 0 6 9 7 2 3 1 5 
    --------------------
r = 6 3 9 1 5 8 0 2 4 7 

p = 1 6 2 3 8 0 4 9 7 5 
q = 3 2 0 8 9 4 5 7 1 6 
    --------------------
r = 4 8 3 2 7 5 0 6 9 1 

p = 1 6 4 5 7 0 8 9 3 2 
q = 5 4 0 7 9 8 2 3 1 6 
    --------------------
r = 7 0 5 3 6 9 1 2 4 8 

p = 1 6 7 0 8 3 2 9 4 5 
q = 0 7 3 8 9 2 5 4 1 6 
    --------------------
r = 2 4 0 9 7 5 8 3 6 1 

p = 1 6 8 4 7 0 2 3 5 9 
q = 4 8 0 7 3 2 9 5 1 6 
    --------------------
r = 6 4 9 2 0 3 1 8 7 5 

p = 1 7 2 3 8 0 5 9 6 4 
q = 3 2 0 8 9 5 4 6 1 7 
    --------------------
r = 4 9 3 2 7 6 0 5 8 1 

p = 1 7 3 6 8 0 2 4 5 9 
q = 6 3 0 8 4 2 9 5 1 7 
    --------------------
r = 8 0 4 5 2 3 1 9 7 6 

p = 1 7 6 0 8 4 2 5 3 9 
q = 0 6 4 8 5 2 9 3 1 7 
    --------------------
r = 2 4 0 9 3 7 1 8 5 6 

p = 1 7 8 0 6 5 4 9 2 3 
q = 0 8 5 6 9 4 3 2 1 7 
    --------------------
r = 2 6 3 7 5 9 8 1 4 0 

p = 1 8 6 0 7 4 3 9 2 5 
q = 0 6 4 7 9 3 5 2 1 8 
    --------------------
r = 2 5 0 8 6 7 9 1 4 3 

p = 1 9 2 0 7 3 5 6 4 8 
q = 0 2 3 7 6 5 8 4 1 9 
    --------------------
r = 2 1 5 8 3 9 4 0 6 7 

p = 1 9 2 0 7 3 6 5 4 8 
q = 0 2 3 7 5 6 8 4 1 9 
    --------------------
r = 2 1 5 8 3 0 4 9 6 7 

p = 1 9 2 0 7 4 3 6 8 5 
q = 0 2 4 7 6 3 5 8 1 9 
    --------------------
r = 2 1 6 8 3 7 9 5 0 4 

p = 1 9 2 0 7 4 5 6 3 8 
q = 0 2 4 7 6 5 8 3 1 9 
    --------------------
r = 2 1 6 8 4 0 3 9 5 7 

p = 1 9 2 4 7 0 8 3 5 6 
q = 4 2 0 7 3 8 6 5 1 9 
    --------------------
r = 6 1 3 2 0 9 4 8 7 5 

p = 1 9 2 5 3 4 7 0 8 6 
q = 5 2 4 3 0 7 6 8 1 9 
    --------------------
r = 7 1 6 8 4 2 3 9 0 5 

p = 1 9 2 6 8 0 3 4 5 7 
q = 6 2 0 8 4 3 7 5 1 9 
    --------------------
r = 8 1 3 5 2 4 0 9 7 6 

p = 1 9 4 0 6 5 2 8 3 7 
q = 0 4 5 6 8 2 7 3 1 9 
    --------------------
r = 2 3 9 7 4 8 0 1 5 6 

p = 1 9 5 0 4 3 2 6 7 8 
q = 0 5 3 4 6 2 8 7 1 9 
    --------------------
r = 2 4 8 5 0 6 1 3 9 7 

p = 1 9 5 0 7 4 3 6 8 2 
q = 0 5 4 7 6 3 2 8 1 9 
    --------------------
r = 2 4 9 8 3 7 6 5 0 1 

p = 1 9 6 2 8 0 7 5 4 3 
q = 2 6 0 8 5 7 3 4 1 9 
    --------------------
r = 4 5 7 1 3 8 0 9 6 2 

p = 1 9 7 0 6 2 3 5 8 4 
q = 0 7 2 6 5 3 4 8 1 9 
    --------------------
r = 2 6 9 7 1 5 8 4 0 3 

p = 1 9 7 0 6 2 5 8 3 4 
q = 0 7 2 6 8 5 4 3 1 9 
    --------------------
r = 2 6 9 7 4 8 0 1 5 3 

p = 1 9 7 3 6 0 8 5 2 4 
q = 3 7 0 6 5 8 4 2 1 9 
    --------------------
r = 5 6 8 0 1 9 2 7 4 3 

p = 2 3 1 5 4 0 7 9 6 8 
q = 5 1 0 4 9 7 8 6 2 3 
    --------------------
r = 7 4 2 0 3 8 6 5 9 1 

p = 2 3 1 5 8 4 6 0 7 9 
q = 5 1 4 8 0 6 9 7 2 3 
    --------------------
r = 7 4 6 3 9 1 5 8 0 2 

p = 2 3 1 6 4 5 7 0 8 9 
q = 6 1 5 4 0 7 9 8 2 3 
    --------------------
r = 8 4 7 0 5 3 6 9 1 2 

p = 2 3 5 7 4 0 6 9 1 8 
q = 7 5 0 4 9 6 8 1 2 3 
    --------------------
r = 9 8 6 2 3 7 5 0 4 1 

p = 2 3 5 7 6 0 1 9 4 8 
q = 7 5 0 6 9 1 8 4 2 3 
    --------------------
r = 9 8 6 4 5 2 0 3 7 1 

p = 2 3 8 0 4 9 7 5 6 1 
q = 0 8 9 4 5 7 1 6 2 3 
    --------------------
r = 3 2 7 5 0 6 9 1 8 4 

p = 2 3 8 0 5 9 6 4 7 1 
q = 0 8 9 5 4 6 1 7 2 3 
    --------------------
r = 3 2 7 6 0 5 8 1 9 4 

p = 2 3 8 0 6 1 4 9 5 7 
q = 0 8 1 6 9 4 7 5 2 3 
    --------------------
r = 3 1 9 7 5 6 2 4 8 0 

p = 2 4 3 5 1 7 6 0 8 9 
q = 5 3 7 1 0 6 9 8 2 4 
    --------------------
r = 7 8 0 6 2 4 5 9 1 3 

p = 2 4 7 0 8 9 1 5 6 3 
q = 0 7 9 8 5 1 3 6 2 4 
    --------------------
r = 3 2 6 9 4 0 5 1 8 7 

p = 2 5 4 1 8 0 7 9 3 6 
q = 1 4 0 8 9 7 6 3 2 5 
    --------------------
r = 3 9 5 0 7 8 4 2 6 1 

p = 2 5 7 0 4 1 8 6 3 9 
q = 0 7 1 4 6 8 9 3 2 5 
    --------------------
r = 3 2 8 5 1 0 7 9 6 4 

p = 2 5 8 0 4 9 1 6 3 7 
q = 0 8 9 4 6 1 7 3 2 5 
    --------------------
r = 3 4 7 5 1 0 8 9 6 2 

p = 2 6 1 3 7 0 8 9 5 4 
q = 3 1 0 7 9 8 4 5 2 6 
    --------------------
r = 5 7 2 1 6 9 3 4 8 0 

p = 2 6 5 3 1 4 8 0 7 9 
q = 3 5 4 1 0 8 9 7 2 6 
    --------------------
r = 6 1 9 4 2 3 7 8 0 5 

p = 2 6 5 3 4 9 1 0 8 7 
q = 3 5 9 4 0 1 7 8 2 6 
    --------------------
r = 6 2 4 7 5 0 8 9 1 3 

p = 2 6 7 0 8 9 3 1 4 5 
q = 0 7 9 8 1 3 5 4 2 6 
    --------------------
r = 3 4 6 9 0 2 8 5 7 1 

p = 2 6 8 0 7 4 3 9 1 5 
q = 0 8 4 7 9 3 5 1 2 6 
    --------------------
r = 3 5 2 8 6 7 9 0 4 1 

p = 2 6 8 3 1 9 4 0 7 5 
q = 3 8 9 1 0 4 5 7 2 6 
    --------------------
r = 6 5 7 4 2 3 9 8 0 1 

p = 2 6 8 5 7 0 1 4 3 9 
q = 5 8 0 7 4 1 9 3 2 6 
    --------------------
r = 8 4 9 3 1 2 0 7 6 5 

p = 2 7 3 0 8 9 5 6 4 1 
q = 0 3 9 8 6 5 1 4 2 7 
    --------------------
r = 3 1 2 9 5 4 7 0 6 8 

p = 2 7 6 0 8 9 3 1 5 4 
q = 0 6 9 8 1 3 4 5 2 7 
    --------------------
r = 3 4 5 9 0 2 7 6 8 1 

p = 2 7 6 5 1 9 4 0 8 3 
q = 5 6 9 1 0 4 3 8 2 7 
    --------------------
r = 8 4 5 6 2 3 7 9 1 0 

p = 2 8 3 0 7 1 5 9 6 4 
q = 0 3 1 7 9 5 4 6 2 8 
    --------------------
r = 3 1 4 8 6 7 0 5 9 2 

p = 2 8 5 3 1 4 6 0 7 9 
q = 3 5 4 1 0 6 9 7 2 8 
    --------------------
r = 6 3 9 4 2 1 5 8 0 7 

p = 2 8 7 0 6 5 4 9 1 3 
q = 0 7 5 6 9 4 3 1 2 8 
    --------------------
r = 3 6 2 7 5 9 8 0 4 1 

p = 2 9 1 0 6 3 8 4 5 7 
q = 0 1 3 6 4 8 7 5 2 9 
    --------------------
r = 3 0 4 7 1 2 5 9 8 6 

p = 2 9 1 0 7 8 5 4 3 6 
q = 0 1 8 7 4 5 6 3 2 9 
    --------------------
r = 3 0 9 8 2 4 1 7 6 5 

p = 2 9 1 0 7 8 6 4 3 5 
q = 0 1 8 7 4 6 5 3 2 9 
    --------------------
r = 3 0 9 8 2 5 1 7 6 4 

p = 2 9 1 5 7 0 8 4 3 6 
q = 5 1 0 7 4 8 6 3 2 9 
    --------------------
r = 8 0 2 3 1 9 4 7 6 5 

p = 2 9 3 0 4 1 7 6 5 8 
q = 0 3 1 4 6 7 8 5 2 9 
    --------------------
r = 3 2 4 5 0 9 6 1 8 7 

p = 2 9 3 0 6 1 8 4 5 7 
q = 0 3 1 6 4 8 7 5 2 9 
    --------------------
r = 3 2 4 7 1 0 5 9 8 6 

p = 2 9 3 0 6 5 4 8 1 7 
q = 0 3 5 6 8 4 7 1 2 9 
    --------------------
r = 3 2 8 7 5 0 1 9 4 6 

p = 2 9 3 0 7 4 5 8 1 6 
q = 0 3 4 7 8 5 6 1 2 9 
    --------------------
r = 3 2 7 8 6 0 1 9 4 5 

p = 2 9 3 0 8 4 5 7 1 6 
q = 0 3 4 8 7 5 6 1 2 9 
    --------------------
r = 3 2 7 9 6 0 1 8 4 5 

p = 2 9 3 0 8 5 4 6 1 7 
q = 0 3 5 8 6 4 7 1 2 9 
    --------------------
r = 3 2 8 9 5 0 1 7 4 6 

p = 2 9 5 0 7 1 3 4 6 8 
q = 0 5 1 7 4 3 8 6 2 9 
    --------------------
r = 3 4 6 8 1 5 2 0 9 7 

p = 2 9 5 0 8 1 6 7 4 3 
q = 0 5 1 8 7 6 3 4 2 9 
    --------------------
r = 3 4 6 9 5 8 0 1 7 2 

p = 2 9 5 4 1 3 6 0 8 7 
q = 4 5 3 1 0 6 7 8 2 9 
    --------------------
r = 7 4 8 5 2 0 3 9 1 6 

p = 2 9 6 0 7 3 4 5 8 1 
q = 0 6 3 7 5 4 1 8 2 9 
    --------------------
r = 3 5 9 8 2 7 6 4 1 0 

p = 2 9 8 0 3 1 4 7 5 6 
q = 0 8 1 3 7 4 6 5 2 9 
    --------------------
r = 3 7 9 4 0 6 1 2 8 5 

p = 2 9 8 0 4 1 6 7 3 5 
q = 0 8 1 4 7 6 5 3 2 9 
    --------------------
r = 3 7 9 5 1 8 2 0 6 4 

p = 2 9 8 0 5 1 4 6 7 3 
q = 0 8 1 5 6 4 3 7 2 9 
    --------------------
r = 3 7 9 6 1 5 8 4 0 2 

p = 3 1 4 2 6 7 5 0 8 9 
q = 2 4 7 6 0 5 9 8 3 1 
    --------------------
r = 5 6 1 8 7 3 4 9 2 0 

p = 3 1 4 5 2 7 6 0 8 9 
q = 5 4 7 2 0 6 9 8 3 1 
    --------------------
r = 8 6 1 7 3 4 5 9 2 0 

p = 3 1 8 0 4 9 2 7 6 5 
q = 0 8 9 4 7 2 5 6 3 1 
    --------------------
r = 4 0 7 5 2 1 8 3 9 6 

p = 3 2 1 4 6 0 7 9 5 8 
q = 4 1 0 6 9 7 8 5 3 2 
    --------------------
r = 7 3 2 1 5 8 6 4 9 0 

p = 3 2 8 4 7 0 5 6 1 9 
q = 4 8 0 7 6 5 9 1 3 2 
    --------------------
r = 8 0 9 2 3 6 4 7 5 1 

p = 3 4 1 5 6 2 7 0 8 9 
q = 5 1 2 6 0 7 9 8 3 4 
    --------------------
r = 8 5 4 1 7 0 6 9 2 3 

p = 3 4 6 0 7 9 1 5 2 8 
q = 0 6 9 7 5 1 8 2 3 4 
    --------------------
r = 4 1 5 8 3 0 9 7 6 2 

p = 3 5 6 4 8 0 1 7 2 9 
q = 4 6 0 8 7 1 9 2 3 5 
    --------------------
r = 8 1 7 3 5 2 0 9 6 4 

p = 3 6 1 2 7 0 8 9 4 5 
q = 2 1 0 7 9 8 5 4 3 6 
    --------------------
r = 5 7 2 0 6 9 4 3 8 1 

p = 3 6 2 4 7 0 8 9 1 5 
q = 4 2 0 7 9 8 5 1 3 6 
    --------------------
r = 7 8 3 2 6 9 4 0 5 1 

p = 3 6 4 2 1 5 8 0 7 9 
q = 2 4 5 1 0 8 9 7 3 6 
    --------------------
r = 6 0 9 3 2 4 7 8 1 5 

p = 3 6 8 2 1 9 5 0 7 4 
q = 2 8 9 1 0 5 4 7 3 6 
    --------------------
r = 6 5 7 3 2 4 9 8 1 0 

p = 3 7 1 4 5 0 8 9 2 6 
q = 4 1 0 5 9 8 6 2 3 7 
    --------------------
r = 7 8 2 0 4 9 5 1 6 3 

p = 3 7 4 0 8 2 5 9 1 6 
q = 0 4 2 8 9 5 6 1 3 7 
    --------------------
r = 4 1 6 9 7 8 2 0 5 3 

p = 3 7 5 2 6 9 1 0 8 4 
q = 2 5 9 6 0 1 4 8 3 7 
    --------------------
r = 6 3 4 8 7 0 5 9 2 1 

p = 3 8 1 5 4 0 6 9 2 7 
q = 5 1 0 4 9 6 7 2 3 8 
    --------------------
r = 8 9 2 0 3 7 4 1 6 5 

p = 3 8 4 0 5 6 2 7 1 9 
q = 0 4 6 5 7 2 9 1 3 8 
    --------------------
r = 4 3 0 6 2 9 1 8 5 7 

p = 3 8 4 0 7 6 2 5 1 9 
q = 0 4 6 7 5 2 9 1 3 8 
    --------------------
r = 4 3 0 8 2 9 1 6 5 7 

p = 3 8 5 0 7 2 6 9 1 4 
q = 0 5 2 7 9 6 4 1 3 8 
    --------------------
r = 4 3 7 8 6 9 1 0 5 2 

p = 3 9 1 0 5 2 6 7 4 8 
q = 0 1 2 5 7 6 8 4 3 9 
    --------------------
r = 4 0 3 6 2 9 5 1 8 7 

p = 3 9 1 0 5 7 2 6 8 4 
q = 0 1 7 5 6 2 4 8 3 9 
    --------------------
r = 4 0 8 6 1 9 7 5 2 3 

p = 3 9 1 0 6 2 8 5 4 7 
q = 0 1 2 6 5 8 7 4 3 9 
    --------------------
r = 4 0 3 7 2 1 5 9 8 6 

p = 3 9 1 0 6 4 5 7 8 2 
q = 0 1 4 6 7 5 2 8 3 9 
    --------------------
r = 4 0 5 7 3 9 8 6 2 1 

p = 3 9 1 0 7 5 2 4 8 6 
q = 0 1 5 7 4 2 6 8 3 9 
    --------------------
r = 4 0 6 8 1 7 9 3 2 5 

p = 3 9 1 0 7 5 4 6 8 2 
q = 0 1 5 7 6 4 2 8 3 9 
    --------------------
r = 4 0 6 8 3 9 7 5 2 1 

p = 3 9 1 4 8 0 6 7 2 5 
q = 4 1 0 8 7 6 5 2 3 9 
    --------------------
r = 8 0 2 3 5 7 1 9 6 4 

p = 3 9 2 0 6 1 8 5 4 7 
q = 0 2 1 6 5 8 7 4 3 9 
    --------------------
r = 4 1 3 7 2 0 5 9 8 6 

p = 3 9 2 0 7 4 5 6 8 1 
q = 0 2 4 7 6 5 1 8 3 9 
    --------------------
r = 4 1 6 8 3 9 7 5 2 0 

p = 3 9 2 0 7 5 4 6 8 1 
q = 0 2 5 7 6 4 1 8 3 9 
    --------------------
r = 4 1 7 8 3 9 6 5 2 0 

p = 3 9 2 0 7 5 6 8 1 4 
q = 0 2 5 7 8 6 4 1 3 9 
    --------------------
r = 4 1 7 8 6 2 0 9 5 3 

p = 3 9 2 0 8 5 6 1 4 7 
q = 0 2 5 8 1 6 7 4 3 9 
    --------------------
r = 4 1 7 9 0 2 3 5 8 6 

p = 3 9 2 0 8 5 6 7 1 4 
q = 0 2 5 8 7 6 4 1 3 9 
    --------------------
r = 4 1 7 9 6 2 0 8 5 3 

p = 3 9 2 4 1 7 8 0 6 5 
q = 4 2 7 1 0 8 5 6 3 9 
    --------------------
r = 8 1 9 5 2 6 3 7 0 4 

p = 3 9 5 4 7 0 8 6 1 2 
q = 4 5 0 7 6 8 2 1 3 9 
    --------------------
r = 8 4 6 2 3 9 0 7 5 1 

p = 3 9 6 0 5 1 7 8 4 2 
q = 0 6 1 5 8 7 2 4 3 9 
    --------------------
r = 4 5 7 6 3 9 0 2 8 1 

p = 3 9 7 0 8 1 4 5 6 2 
q = 0 7 1 8 5 4 2 6 3 9 
    --------------------
r = 4 6 8 9 3 5 7 2 0 1 

p = 3 9 7 4 1 2 8 0 6 5 
q = 4 7 2 1 0 8 5 6 3 9 
    --------------------
r = 8 6 9 5 2 1 3 7 0 4 

p = 4 1 8 0 7 9 3 6 5 2 
q = 0 8 9 7 6 3 2 5 4 1 
    --------------------
r = 5 0 7 8 4 2 6 1 9 3 

p = 4 5 6 0 2 3 8 7 1 9 
q = 0 6 3 2 7 8 9 1 4 5 
    --------------------
r = 5 1 9 3 0 2 7 8 6 4 

p = 4 5 6 0 7 3 8 2 1 9 
q = 0 6 3 7 2 8 9 1 4 5 
    --------------------
r = 5 1 9 8 0 2 7 3 6 4 

p = 4 5 8 0 2 9 3 7 1 6 
q = 0 8 9 2 7 3 6 1 4 5 
    --------------------
r = 5 4 7 3 0 2 9 8 6 1 

p = 4 5 8 0 7 9 3 2 1 6 
q = 0 8 9 7 2 3 6 1 4 5 
    --------------------
r = 5 4 7 8 0 2 9 3 6 1 

p = 4 6 3 0 7 9 2 8 5 1 
q = 0 3 9 7 8 2 1 5 4 6 
    --------------------
r = 5 0 2 8 6 1 4 3 9 7 

p = 4 6 5 0 8 1 2 9 3 7 
q = 0 5 1 8 9 2 7 3 4 6 
    --------------------
r = 5 1 6 9 7 4 0 2 8 3 

p = 4 6 5 3 1 2 7 0 8 9 
q = 3 5 2 1 0 7 9 8 4 6 
    --------------------
r = 8 1 7 4 2 0 6 9 3 5 

p = 4 6 7 0 8 9 3 1 2 5 
q = 0 7 9 8 1 3 5 2 4 6 
    --------------------
r = 5 4 6 9 0 2 8 3 7 1 

p = 4 6 7 3 1 2 8 0 5 9 
q = 3 7 2 1 0 8 9 5 4 6 
    --------------------
r = 8 3 9 4 2 1 7 6 0 5 

p = 4 6 8 3 1 9 2 0 5 7 
q = 3 8 9 1 0 2 7 5 4 6 
    --------------------
r = 8 5 7 4 2 1 9 6 0 3 

p = 4 8 3 0 2 6 5 7 1 9 
q = 0 3 6 2 7 5 9 1 4 8 
    --------------------
r = 5 1 9 3 0 2 4 8 6 7 

p = 4 8 3 0 7 6 5 2 1 9 
q = 0 3 6 7 2 5 9 1 4 8 
    --------------------
r = 5 1 9 8 0 2 4 3 6 7 

p = 4 9 1 0 6 7 2 5 8 3 
q = 0 1 7 6 5 2 3 8 4 9 
    --------------------
r = 5 0 8 7 1 9 6 4 3 2 

p = 4 9 1 0 7 6 3 5 8 2 
q = 0 1 6 7 5 3 2 8 4 9 
    --------------------
r = 5 0 7 8 2 9 6 4 3 1 

p = 4 9 1 3 2 8 5 0 6 7 
q = 3 1 8 2 0 5 7 6 4 9 
    --------------------
r = 8 0 9 5 3 4 2 7 1 6 

p = 4 9 1 3 2 8 7 0 6 5 
q = 3 1 8 2 0 7 5 6 4 9 
    --------------------
r = 8 0 9 5 3 6 2 7 1 4 

p = 4 9 2 0 8 5 6 1 3 7 
q = 0 2 5 8 1 6 7 3 4 9 
    --------------------
r = 5 1 7 9 0 2 3 4 8 6 

p = 4 9 5 0 7 1 6 3 8 2 
q = 0 5 1 7 3 6 2 8 4 9 
    --------------------
r = 5 4 6 8 0 7 9 2 3 1 

p = 4 9 8 0 7 1 3 6 5 2 
q = 0 8 1 7 6 3 2 5 4 9 
    --------------------
r = 5 7 9 8 3 4 6 2 0 1 

p = 5 1 6 2 4 7 3 0 8 9 
q = 2 6 7 4 0 3 9 8 5 1 
    --------------------
r = 7 8 3 6 5 1 2 9 4 0 

p = 5 2 6 3 1 7 8 0 4 9 
q = 3 6 7 1 0 8 9 4 5 2 
    --------------------
r = 8 9 3 4 2 6 7 5 0 1 

p = 5 2 8 0 7 9 3 6 4 1 
q = 0 8 9 7 6 3 1 4 5 2 
    --------------------
r = 6 1 7 8 4 2 5 0 9 3 

p = 5 3 1 2 8 4 6 0 7 9 
q = 2 1 4 8 0 6 9 7 5 3 
    --------------------
r = 7 4 6 0 9 1 5 8 3 2 

p = 5 3 8 0 2 9 6 7 4 1 
q = 0 8 9 2 7 6 1 4 5 3 
    --------------------
r = 6 2 7 3 0 5 8 1 9 4 

p = 5 3 8 0 4 6 1 9 2 7 
q = 0 8 6 4 9 1 7 2 5 3 
    --------------------
r = 6 2 4 5 3 7 9 1 8 0 

p = 5 3 8 0 7 9 4 2 6 1 
q = 0 8 9 7 2 4 1 6 5 3 
    --------------------
r = 6 2 7 8 0 3 5 9 1 4 

p = 5 4 1 3 8 2 7 0 6 9 
q = 3 1 2 8 0 7 9 6 5 4 
    --------------------
r = 8 5 4 1 9 0 6 7 2 3 

p = 5 4 8 0 7 9 3 2 6 1 
q = 0 8 9 7 2 3 1 6 5 4 
    --------------------
r = 6 3 7 8 0 2 4 9 1 5 

p = 5 6 3 1 8 0 4 9 2 7 
q = 1 3 0 8 9 4 7 2 5 6 
    --------------------
r = 6 9 4 0 7 5 2 1 8 3 

p = 5 6 4 2 1 3 7 0 8 9 
q = 2 4 3 1 0 7 9 8 5 6 
    --------------------
r = 8 0 7 3 2 1 6 9 4 5 

p = 5 6 4 3 1 2 8 0 7 9 
q = 3 4 2 1 0 8 9 7 5 6 
    --------------------
r = 9 0 6 4 2 1 7 8 3 5 

p = 5 6 7 0 2 4 3 8 1 9 
q = 0 7 4 2 8 3 9 1 5 6 
    --------------------
r = 6 4 1 3 0 8 2 9 7 5 

p = 5 6 7 0 8 4 3 2 1 9 
q = 0 7 4 8 2 3 9 1 5 6 
    --------------------
r = 6 4 1 9 0 8 2 3 7 5 

p = 5 6 8 3 1 9 2 0 7 4 
q = 3 8 9 1 0 2 4 7 5 6 
    --------------------
r = 9 5 7 4 2 1 6 8 3 0 

p = 5 7 3 2 1 4 6 0 8 9 
q = 2 3 4 1 0 6 9 8 5 7 
    --------------------
r = 8 0 7 3 2 1 5 9 4 6 

p = 5 7 3 2 4 9 1 0 8 6 
q = 2 3 9 4 0 1 6 8 5 7 
    --------------------
r = 8 1 2 6 5 0 7 9 4 3 

p = 5 7 4 0 6 9 1 8 3 2 
q = 0 4 9 6 8 1 2 3 5 7 
    --------------------
r = 6 2 3 7 5 0 4 1 8 9 

p = 5 7 4 2 1 3 6 0 8 9 
q = 2 4 3 1 0 6 9 8 5 7 
    --------------------
r = 8 1 7 3 2 0 5 9 4 6 

p = 5 7 6 0 1 9 4 8 3 2 
q = 0 6 9 1 8 4 2 3 5 7 
    --------------------
r = 6 4 5 2 0 3 7 1 8 9 

p = 5 7 6 0 8 9 3 1 2 4 
q = 0 6 9 8 1 3 4 2 5 7 
    --------------------
r = 6 4 5 9 0 2 7 3 8 1 

p = 5 7 6 3 1 2 8 0 4 9 
q = 3 6 2 1 0 8 9 4 5 7 
    --------------------
r = 9 3 8 4 2 1 7 5 0 6 

p = 5 7 8 3 1 9 2 0 4 6 
q = 3 8 9 1 0 2 6 4 5 7 
    --------------------
r = 9 6 7 4 2 1 8 5 0 3 

p = 5 8 2 3 1 4 6 0 7 9 
q = 3 2 4 1 0 6 9 7 5 8 
    --------------------
r = 9 0 6 4 2 1 5 8 3 7 

p = 5 8 3 2 1 6 7 0 4 9 
q = 2 3 6 1 0 7 9 4 5 8 
    --------------------
r = 8 1 9 3 2 4 6 5 0 7 

p = 5 8 4 0 3 6 1 9 2 7 
q = 0 4 6 3 9 1 7 2 5 8 
    --------------------
r = 6 3 0 4 2 7 9 1 8 5 

p = 5 8 4 0 6 7 1 9 3 2 
q = 0 4 7 6 9 1 2 3 5 8 
    --------------------
r = 6 3 1 7 5 8 4 2 9 0 

p = 5 8 6 0 2 3 4 9 1 7 
q = 0 6 3 2 9 4 7 1 5 8 
    --------------------
r = 6 4 9 3 1 8 2 0 7 5 

p = 5 8 6 2 1 3 7 0 4 9 
q = 2 6 3 1 0 7 9 4 5 8 
    --------------------
r = 8 4 9 3 2 1 6 5 0 7 

p = 5 9 1 0 3 6 8 7 2 4 
q = 0 1 6 3 7 8 4 2 5 9 
    --------------------
r = 6 0 7 4 1 5 2 9 8 3 

p = 5 9 1 0 3 7 2 8 6 4 
q = 0 1 7 3 8 2 4 6 5 9 
    --------------------
r = 6 0 8 4 1 9 7 5 2 3 

p = 5 9 1 0 6 4 8 7 2 3 
q = 0 1 4 6 7 8 3 2 5 9 
    --------------------
r = 6 0 5 7 4 3 1 9 8 2 

p = 5 9 1 0 7 2 8 4 3 6 
q = 0 1 2 7 4 8 6 3 5 9 
    --------------------
r = 6 0 3 8 2 1 4 7 9 5 

p = 5 9 1 0 8 6 7 3 2 4 
q = 0 1 6 8 3 7 4 2 5 9 
    --------------------
r = 6 0 7 9 2 4 1 5 8 3 

p = 5 9 1 2 3 8 4 0 6 7 
q = 2 1 8 3 0 4 7 6 5 9 
    --------------------
r = 8 0 9 5 4 3 1 7 2 6 

p = 5 9 1 2 3 8 7 0 6 4 
q = 2 1 8 3 0 7 4 6 5 9 
    --------------------
r = 8 0 9 5 4 6 1 7 2 3 

p = 5 9 2 0 4 6 7 8 1 3 
q = 0 2 6 4 8 7 3 1 5 9 
    --------------------
r = 6 1 8 5 3 4 0 9 7 2 

p = 5 9 2 0 6 7 1 4 8 3 
q = 0 2 7 6 4 1 3 8 5 9 
    --------------------
r = 6 1 9 7 0 8 5 3 4 2 

p = 5 9 2 0 6 7 1 8 4 3 
q = 0 2 7 6 8 1 3 4 5 9 
    --------------------
r = 6 1 9 7 4 8 5 3 0 2 

p = 5 9 2 0 7 1 8 4 3 6 
q = 0 2 1 7 4 8 6 3 5 9 
    --------------------
r = 6 1 3 8 2 0 4 7 9 5 

p = 5 9 2 0 8 6 7 4 1 3 
q = 0 2 6 8 4 7 3 1 5 9 
    --------------------
r = 6 1 8 9 3 4 0 5 7 2 

p = 5 9 3 0 7 1 6 8 4 2 
q = 0 3 1 7 8 6 2 4 5 9 
    --------------------
r = 6 2 4 8 5 7 9 3 0 1 

p = 5 9 3 0 7 6 1 8 4 2 
q = 0 3 6 7 8 1 2 4 5 9 
    --------------------
r = 6 2 9 8 5 7 4 3 0 1 

p = 5 9 4 0 6 1 7 8 2 3 
q = 0 4 1 6 8 7 3 2 5 9 
    --------------------
r = 6 3 5 7 4 9 1 0 8 2 

p = 5 9 4 0 6 1 8 7 2 3 
q = 0 4 1 6 7 8 3 2 5 9 
    --------------------
r = 6 3 5 7 4 0 1 9 8 2 

p = 5 9 4 0 7 1 6 3 8 2 
q = 0 4 1 7 3 6 2 8 5 9 
    --------------------
r = 6 3 5 8 0 7 9 2 4 1 

p = 5 9 6 0 3 1 7 8 2 4 
q = 0 6 1 3 8 7 4 2 5 9 
    --------------------
r = 6 5 7 4 1 9 2 0 8 3 

p = 5 9 6 0 3 1 8 7 2 4 
q = 0 6 1 3 7 8 4 2 5 9 
    --------------------
r = 6 5 7 4 1 0 2 9 8 3 

p = 5 9 6 0 3 2 7 8 1 4 
q = 0 6 2 3 8 7 4 1 5 9 
    --------------------
r = 6 5 8 4 2 0 1 9 7 3 

p = 5 9 6 0 8 2 7 3 1 4 
q = 0 6 2 8 3 7 4 1 5 9 
    --------------------
r = 6 5 8 9 2 0 1 4 7 3 

p = 6 1 7 2 3 4 8 0 5 9 
q = 2 7 4 3 0 8 9 5 6 1 
    --------------------
r = 8 9 1 5 4 3 7 6 2 0 

p = 6 3 1 2 8 5 7 0 4 9 
q = 2 1 5 8 0 7 9 4 6 3 
    --------------------
r = 8 4 7 0 9 3 6 5 1 2 

p = 6 4 1 3 7 2 8 0 5 9 
q = 3 1 2 7 0 8 9 5 6 4 
    --------------------
r = 9 5 4 0 8 1 7 6 2 3 

p = 6 4 7 2 3 1 8 0 5 9 
q = 2 7 1 3 0 8 9 5 6 4 
    --------------------
r = 9 1 8 5 4 0 7 6 2 3 

p = 6 4 8 2 3 9 1 0 5 7 
q = 2 8 9 3 0 1 7 5 6 4 
    --------------------
r = 9 3 7 5 4 0 8 6 2 1 

p = 6 5 3 2 1 7 8 0 4 9 
q = 2 3 7 1 0 8 9 4 6 5 
    --------------------
r = 8 9 0 3 2 6 7 5 1 4 

p = 6 5 7 0 4 3 2 8 1 9 
q = 0 7 3 4 8 2 9 1 6 5 
    --------------------
r = 7 3 0 5 2 6 1 9 8 4 

p = 6 5 7 0 8 3 2 4 1 9 
q = 0 7 3 8 4 2 9 1 6 5 
    --------------------
r = 7 3 0 9 2 6 1 5 8 4 

p = 6 7 3 2 1 5 8 0 4 9 
q = 2 3 5 1 0 8 9 4 6 7 
    --------------------
r = 9 0 8 3 2 4 7 5 1 6 

p = 6 7 4 0 5 9 2 8 1 3 
q = 0 4 9 5 8 2 3 1 6 7 
    --------------------
r = 7 2 3 6 4 1 5 9 8 0 

p = 6 7 4 0 8 9 2 5 1 3 
q = 0 4 9 8 5 2 3 1 6 7 
    --------------------
r = 7 2 3 9 4 1 5 6 8 0 

p = 6 7 4 1 8 0 3 5 2 9 
q = 1 4 0 8 5 3 9 2 6 7 
    --------------------
r = 8 1 5 0 3 4 2 7 9 6 

p = 6 7 8 2 1 9 5 0 4 3 
q = 2 8 9 1 0 5 3 4 6 7 
    --------------------
r = 9 6 7 3 2 4 8 5 1 0 

p = 6 8 3 2 7 0 4 5 1 9 
q = 2 3 0 7 5 4 9 1 6 8 
    --------------------
r = 9 1 4 0 2 5 3 6 8 7 

p = 6 8 5 0 4 7 2 9 1 3 
q = 0 5 7 4 9 2 3 1 6 8 
    --------------------
r = 7 4 2 5 3 9 6 0 8 1 

p = 6 8 5 2 7 0 3 4 1 9 
q = 2 5 0 7 4 3 9 1 6 8 
    --------------------
r = 9 3 6 0 1 4 2 5 8 7 

p = 6 8 7 0 3 1 4 9 2 5 
q = 0 7 1 3 9 4 5 2 6 8 
    --------------------
r = 7 5 8 4 2 6 0 1 9 3 

p = 6 9 1 0 7 5 8 3 2 4 
q = 0 1 5 7 3 8 4 2 6 9 
    --------------------
r = 7 0 6 8 1 4 2 5 9 3 

p = 6 9 1 2 5 4 8 0 7 3 
q = 2 1 4 5 0 8 3 7 6 9 
    --------------------
r = 9 0 5 7 6 3 1 8 4 2 

p = 6 9 3 0 5 2 7 8 1 4 
q = 0 3 2 5 8 7 4 1 6 9 
    --------------------
r = 7 2 5 6 4 0 1 9 8 3 

p = 6 9 3 0 8 2 7 5 1 4 
q = 0 3 2 8 5 7 4 1 6 9 
    --------------------
r = 7 2 5 9 4 0 1 6 8 3 

p = 6 9 3 1 8 0 4 5 2 7 
q = 1 3 0 8 5 4 7 2 6 9 
    --------------------
r = 8 2 4 0 3 5 1 7 9 6 

p = 6 9 3 2 7 0 5 4 1 8 
q = 2 3 0 7 4 5 8 1 6 9 
    --------------------
r = 9 2 4 0 1 6 3 5 8 7 

p = 6 9 4 0 7 5 1 3 8 2 
q = 0 4 5 7 3 1 2 8 6 9 
    --------------------
r = 7 3 9 8 0 6 4 2 5 1 

p = 6 9 4 0 7 5 1 8 3 2 
q = 0 4 5 7 8 1 2 3 6 9 
    --------------------
r = 7 3 9 8 5 6 4 2 0 1 

p = 6 9 4 2 5 1 8 0 7 3 
q = 2 4 1 5 0 8 3 7 6 9 
    --------------------
r = 9 3 5 7 6 0 1 8 4 2 

p = 6 9 4 2 7 0 3 5 1 8 
q = 2 4 0 7 5 3 8 1 6 9 
    --------------------
r = 9 3 5 0 2 4 1 6 8 7 

p = 6 9 5 0 7 1 8 3 2 4 
q = 0 5 1 7 3 8 4 2 6 9 
    --------------------
r = 7 4 6 8 1 0 2 5 9 3 

p = 7 6 4 0 5 9 3 8 2 1 
q = 0 4 9 5 8 3 1 2 7 6 
    --------------------
r = 8 1 3 6 4 2 5 0 9 7 

p = 7 6 5 0 4 2 3 9 1 8 
q = 0 5 2 4 9 3 8 1 7 6 
    --------------------
r = 8 1 7 5 3 6 2 0 9 4 

p = 7 6 5 0 8 9 4 2 3 1 
q = 0 5 9 8 2 4 1 3 7 6 
    --------------------
r = 8 2 4 9 1 3 5 6 0 7 

p = 7 9 1 0 3 5 2 8 4 6 
q = 0 1 5 3 8 2 6 4 7 9 
    --------------------
r = 8 0 6 4 1 7 9 3 2 5 

p = 7 9 1 0 4 6 3 8 5 2 
q = 0 1 6 4 8 3 2 5 7 9 
    --------------------
r = 8 0 7 5 2 9 6 4 3 1 

p = 7 9 1 0 8 4 3 5 6 2 
q = 0 1 4 8 5 3 2 6 7 9 
    --------------------
r = 8 0 5 9 3 7 6 2 4 1 

p = 7 9 1 0 8 4 3 6 5 2 
q = 0 1 4 8 6 3 2 5 7 9 
    --------------------
r = 8 0 5 9 4 7 6 2 3 1 

p = 7 9 2 0 8 3 4 5 6 1 
q = 0 2 3 8 5 4 1 6 7 9 
    --------------------
r = 8 1 5 9 3 7 6 2 4 0 

p = 7 9 2 0 8 3 4 6 5 1 
q = 0 2 3 8 6 4 1 5 7 9 
    --------------------
r = 8 1 5 9 4 7 6 2 3 0 

p = 7 9 2 0 8 4 3 5 6 1 
q = 0 2 4 8 5 3 1 6 7 9 
    --------------------
r = 8 1 6 9 3 7 5 2 4 0 

p = 7 9 2 0 8 4 3 6 5 1 
q = 0 2 4 8 6 3 1 5 7 9 
    --------------------
r = 8 1 6 9 4 7 5 2 3 0 

p = 7 9 4 0 6 1 5 8 2 3 
q = 0 4 1 6 8 5 3 2 7 9 
    --------------------
r = 8 3 5 7 4 6 9 1 0 2 

p = 7 9 4 0 6 5 1 8 2 3 
q = 0 4 5 6 8 1 3 2 7 9 
    --------------------
r = 8 3 9 7 4 6 5 1 0 2 

p = 7 9 6 0 8 1 3 4 5 2 
q = 0 6 1 8 4 3 2 5 7 9 
    --------------------
r = 8 5 7 9 2 4 6 0 3 1 

p = 7 9 6 0 8 1 3 5 4 2 
q = 0 6 1 8 5 3 2 4 7 9 
    --------------------
r = 8 5 7 9 3 4 6 0 2 1 

p = 7 9 8 0 4 1 3 6 5 2 
q = 0 8 1 4 6 3 2 5 7 9 
    --------------------
r = 8 7 9 5 0 4 6 2 3 1 

p = 8 3 7 0 6 9 4 5 2 1 
q = 0 7 9 6 5 4 1 2 8 3 
    --------------------
r = 9 1 6 7 2 3 5 8 0 4 

p = 8 6 5 0 7 9 4 2 3 1 
q = 0 5 9 7 2 4 1 3 8 6 
    --------------------
r = 9 2 4 8 0 3 5 6 1 7 

p = 8 6 5 0 7 9 4 3 2 1 
q = 0 5 9 7 3 4 1 2 8 6 
    --------------------
r = 9 2 4 8 1 3 5 6 0 7 

p = 8 9 1 0 4 6 2 7 5 3 
q = 0 1 6 4 7 2 3 5 8 9 
    --------------------
r = 9 0 7 5 1 8 6 3 4 2 

p = 8 9 1 0 6 4 2 7 3 5 
q = 0 1 4 6 7 2 5 3 8 9 
    --------------------
r = 9 0 5 7 3 6 8 1 2 4 

p = 8 9 1 0 7 4 3 6 5 2 
q = 0 1 4 7 6 3 2 5 8 9 
    --------------------
r = 9 0 5 8 3 7 6 2 4 1 

p = 8 9 2 0 3 5 1 7 4 6 
q = 0 2 5 3 7 1 6 4 8 9 
    --------------------
r = 9 1 7 4 0 6 8 2 3 5 

p = 8 9 2 0 7 3 4 6 5 1 
q = 0 2 3 7 6 4 1 5 8 9 
    --------------------
r = 9 1 5 8 3 7 6 2 4 0 

p = 8 9 2 0 7 4 1 6 3 5 
q = 0 2 4 7 6 1 5 3 8 9 
    --------------------
r = 9 1 6 8 3 5 7 0 2 4 

p = 8 9 2 0 7 4 3 6 5 1 
q = 0 2 4 7 6 3 1 5 8 9 
    --------------------
r = 9 1 6 8 3 7 5 2 4 0 

p = 8 9 4 0 5 3 1 7 2 6 
q = 0 4 3 5 7 1 6 2 8 9 
    --------------------
r = 9 3 7 6 2 4 8 0 1 5 

p = 8 9 5 0 6 1 4 7 2 3 
q = 0 5 1 6 7 4 3 2 8 9 
    --------------------
r = 9 4 6 7 3 5 8 0 1 2 

p = 8 9 5 0 7 1 4 6 3 2 
q = 0 5 1 7 6 4 2 3 8 9 
    --------------------
r = 9 4 6 8 3 5 7 0 2 1 

p = 8 9 6 0 3 1 5 7 4 2 
q = 0 6 1 3 7 5 2 4 8 9 
    --------------------
r = 9 5 7 4 0 6 8 2 3 1 

p = 8 9 6 0 5 1 3 7 2 4 
q = 0 6 1 5 7 3 4 2 8 9 
    --------------------
r = 9 5 7 6 2 4 8 0 1 3 

p = 8 9 6 0 7 1 2 4 5 3 
q = 0 6 1 7 4 2 3 5 8 9 
    --------------------
r = 9 5 7 8 1 3 6 0 4 2 

p = 8 9 6 0 7 1 3 5 4 2 
q = 0 6 1 7 5 3 2 4 8 9 
    --------------------
r = 9 5 7 8 2 4 6 0 3 1 

n = 10, cnt = 436

