1
6000
1 2 5000
2 3 4999
3 4 5000
4 5 4999
5 6 5000
6 7 4999
7 8 5000
8 9 4999
9 10 5000
10 11 4999
11 12 5000
12 13 4999
13 14 5000
14 15 4999
15 16 5000
16 17 4999
17 18 5000
18 19 4999
19 20 5000
20 21 4999
21 22 5000
22 23 4999
23 24 5000
24 25 4999
25 26 5000
26 27 4999
27 28 5000
28 29 4999
29 30 5000
30 31 4999
31 32 5000
32 33 4999
33 34 5000
34 35 4999
35 36 5000
36 37 4999
37 38 5000
38 39 4999
39 40 5000
40 41 4999
41 42 5000
42 43 4999
43 44 5000
44 45 4999
45 46 5000
46 47 4999
47 48 5000
48 49 4999
49 50 5000
50 51 4999
51 52 5000
52 53 4999
53 54 5000
54 55 4999
55 56 5000
56 57 4999
57 58 5000
58 59 4999
59 60 5000
60 61 4999
61 62 5000
62 63 4999
63 64 5000
64 65 4999
65 66 5000
66 67 4999
67 68 5000
68 69 4999
69 70 5000
70 71 4999
71 72 5000
72 73 4999
73 74 5000
74 75 4999
75 76 5000
76 77 4999
77 78 5000
78 79 4999
79 80 5000
80 81 4999
81 82 5000
82 83 4999
83 84 5000
84 85 4999
85 86 5000
86 87 4999
87 88 5000
88 89 4999
89 90 5000
90 91 4999
91 92 5000
92 93 4999
93 94 5000
94 95 4999
95 96 5000
96 97 4999
97 98 5000
98 99 4999
99 100 5000
100 101 4999
101 102 5000
102 103 4999
103 104 5000
104 105 4999
105 106 5000
106 107 4999
107 108 5000
108 109 4999
109 110 5000
110 111 4999
111 112 5000
112 113 4999
113 114 5000
114 115 4999
115 116 5000
116 117 4999
117 118 5000
118 119 4999
119 120 5000
120 121 4999
121 122 5000
122 123 4999
123 124 5000
124 125 4999
125 126 5000
126 127 4999
127 128 5000
128 129 4999
129 130 5000
130 131 4999
131 132 5000
132 133 4999
133 134 5000
134 135 4999
135 136 5000
136 137 4999
137 138 5000
138 139 4999
139 140 5000
140 141 4999
141 142 5000
142 143 4999
143 144 5000
144 145 4999
145 146 5000
146 147 4999
147 148 5000
148 149 4999
149 150 5000
150 151 4999
151 152 5000
152 153 4999
153 154 5000
154 155 4999
155 156 5000
156 157 4999
157 158 5000
158 159 4999
159 160 5000
160 161 4999
161 162 5000
162 163 4999
163 164 5000
164 165 4999
165 166 5000
166 167 4999
167 168 5000
168 169 4999
169 170 5000
170 171 4999
171 172 5000
172 173 4999
173 174 5000
174 175 4999
175 176 5000
176 177 4999
177 178 5000
178 179 4999
179 180 5000
180 181 4999
181 182 5000
182 183 4999
183 184 5000
184 185 4999
185 186 5000
186 187 4999
187 188 5000
188 189 4999
189 190 5000
190 191 4999
191 192 5000
192 193 4999
193 194 5000
194 195 4999
195 196 5000
196 197 4999
197 198 5000
198 199 4999
199 200 5000
200 201 4999
201 202 5000
202 203 4999
203 204 5000
204 205 4999
205 206 5000
206 207 4999
207 208 5000
208 209 4999
209 210 5000
210 211 4999
211 212 5000
212 213 4999
213 214 5000
214 215 4999
215 216 5000
216 217 4999
217 218 5000
218 219 4999
219 220 5000
220 221 4999
221 222 5000
222 223 4999
223 224 5000
224 225 4999
225 226 5000
226 227 4999
227 228 5000
228 229 4999
229 230 5000
230 231 4999
231 232 5000
232 233 4999
233 234 5000
234 235 4999
235 236 5000
236 237 4999
237 238 5000
238 239 4999
239 240 5000
240 241 4999
241 242 5000
242 243 4999
243 244 5000
244 245 4999
245 246 5000
246 247 4999
247 248 5000
248 249 4999
249 250 5000
250 251 4999
251 252 5000
252 253 4999
253 254 5000
254 255 4999
255 256 5000
256 257 4999
257 258 5000
258 259 4999
259 260 5000
260 261 4999
261 262 5000
262 263 4999
263 264 5000
264 265 4999
265 266 5000
266 267 4999
267 268 5000
268 269 4999
269 270 5000
270 271 4999
271 272 5000
272 273 4999
273 274 5000
274 275 4999
275 276 5000
276 277 4999
277 278 5000
278 279 4999
279 280 5000
280 281 4999
281 282 5000
282 283 4999
283 284 5000
284 285 4999
285 286 5000
286 287 4999
287 288 5000
288 289 4999
289 290 5000
290 291 4999
291 292 5000
292 293 4999
293 294 5000
294 295 4999
295 296 5000
296 297 4999
297 298 5000
298 299 4999
299 300 5000
300 301 4999
301 302 5000
302 303 4999
303 304 5000
304 305 4999
305 306 5000
306 307 4999
307 308 5000
308 309 4999
309 310 5000
310 311 4999
311 312 5000
312 313 4999
313 314 5000
314 315 4999
315 316 5000
316 317 4999
317 318 5000
318 319 4999
319 320 5000
320 321 4999
321 322 5000
322 323 4999
323 324 5000
324 325 4999
325 326 5000
326 327 4999
327 328 5000
328 329 4999
329 330 5000
330 331 4999
331 332 5000
332 333 4999
333 334 5000
334 335 4999
335 336 5000
336 337 4999
337 338 5000
338 339 4999
339 340 5000
340 341 4999
341 342 5000
342 343 4999
343 344 5000
344 345 4999
345 346 5000
346 347 4999
347 348 5000
348 349 4999
349 350 5000
350 351 4999
351 352 5000
352 353 4999
353 354 5000
354 355 4999
355 356 5000
356 357 4999
357 358 5000
358 359 4999
359 360 5000
360 361 4999
361 362 5000
362 363 4999
363 364 5000
364 365 4999
365 366 5000
366 367 4999
367 368 5000
368 369 4999
369 370 5000
370 371 4999
371 372 5000
372 373 4999
373 374 5000
374 375 4999
375 376 5000
376 377 4999
377 378 5000
378 379 4999
379 380 5000
380 381 4999
381 382 5000
382 383 4999
383 384 5000
384 385 4999
385 386 5000
386 387 4999
387 388 5000
388 389 4999
389 390 5000
390 391 4999
391 392 5000
392 393 4999
393 394 5000
394 395 4999
395 396 5000
396 397 4999
397 398 5000
398 399 4999
399 400 5000
400 401 4999
401 402 5000
402 403 4999
403 404 5000
404 405 4999
405 406 5000
406 407 4999
407 408 5000
408 409 4999
409 410 5000
410 411 4999
411 412 5000
412 413 4999
413 414 5000
414 415 4999
415 416 5000
416 417 4999
417 418 5000
418 419 4999
419 420 5000
420 421 4999
421 422 5000
422 423 4999
423 424 5000
424 425 4999
425 426 5000
426 427 4999
427 428 5000
428 429 4999
429 430 5000
430 431 4999
431 432 5000
432 433 4999
433 434 5000
434 435 4999
435 436 5000
436 437 4999
437 438 5000
438 439 4999
439 440 5000
440 441 4999
441 442 5000
442 443 4999
443 444 5000
444 445 4999
445 446 5000
446 447 4999
447 448 5000
448 449 4999
449 450 5000
450 451 4999
451 452 5000
452 453 4999
453 454 5000
454 455 4999
455 456 5000
456 457 4999
457 458 5000
458 459 4999
459 460 5000
460 461 4999
461 462 5000
462 463 4999
463 464 5000
464 465 4999
465 466 5000
466 467 4999
467 468 5000
468 469 4999
469 470 5000
470 471 4999
471 472 5000
472 473 4999
473 474 5000
474 475 4999
475 476 5000
476 477 4999
477 478 5000
478 479 4999
479 480 5000
480 481 4999
481 482 5000
482 483 4999
483 484 5000
484 485 4999
485 486 5000
486 487 4999
487 488 5000
488 489 4999
489 490 5000
490 491 4999
491 492 5000
492 493 4999
493 494 5000
494 495 4999
495 496 5000
496 497 4999
497 498 5000
498 499 4999
499 500 5000
500 501 4999
501 502 5000
502 503 4999
503 504 5000
504 505 4999
505 506 5000
506 507 4999
507 508 5000
508 509 4999
509 510 5000
510 511 4999
511 512 5000
512 513 4999
513 514 5000
514 515 4999
515 516 5000
516 517 4999
517 518 5000
518 519 4999
519 520 5000
520 521 4999
521 522 5000
522 523 4999
523 524 5000
524 525 4999
525 526 5000
526 527 4999
527 528 5000
528 529 4999
529 530 5000
530 531 4999
531 532 5000
532 533 4999
533 534 5000
534 535 4999
535 536 5000
536 537 4999
537 538 5000
538 539 4999
539 540 5000
540 541 4999
541 542 5000
542 543 4999
543 544 5000
544 545 4999
545 546 5000
546 547 4999
547 548 5000
548 549 4999
549 550 5000
550 551 4999
551 552 5000
552 553 4999
553 554 5000
554 555 4999
555 556 5000
556 557 4999
557 558 5000
558 559 4999
559 560 5000
560 561 4999
561 562 5000
562 563 4999
563 564 5000
564 565 4999
565 566 5000
566 567 4999
567 568 5000
568 569 4999
569 570 5000
570 571 4999
571 572 5000
572 573 4999
573 574 5000
574 575 4999
575 576 5000
576 577 4999
577 578 5000
578 579 4999
579 580 5000
580 581 4999
581 582 5000
582 583 4999
583 584 5000
584 585 4999
585 586 5000
586 587 4999
587 588 5000
588 589 4999
589 590 5000
590 591 4999
591 592 5000
592 593 4999
593 594 5000
594 595 4999
595 596 5000
596 597 4999
597 598 5000
598 599 4999
599 600 5000
600 601 4999
601 602 5000
602 603 4999
603 604 5000
604 605 4999
605 606 5000
606 607 4999
607 608 5000
608 609 4999
609 610 5000
610 611 4999
611 612 5000
612 613 4999
613 614 5000
614 615 4999
615 616 5000
616 617 4999
617 618 5000
618 619 4999
619 620 5000
620 621 4999
621 622 5000
622 623 4999
623 624 5000
624 625 4999
625 626 5000
626 627 4999
627 628 5000
628 629 4999
629 630 5000
630 631 4999
631 632 5000
632 633 4999
633 634 5000
634 635 4999
635 636 5000
636 637 4999
637 638 5000
638 639 4999
639 640 5000
640 641 4999
641 642 5000
642 643 4999
643 644 5000
644 645 4999
645 646 5000
646 647 4999
647 648 5000
648 649 4999
649 650 5000
650 651 4999
651 652 5000
652 653 4999
653 654 5000
654 655 4999
655 656 5000
656 657 4999
657 658 5000
658 659 4999
659 660 5000
660 661 4999
661 662 5000
662 663 4999
663 664 5000
664 665 4999
665 666 5000
666 667 4999
667 668 5000
668 669 4999
669 670 5000
670 671 4999
671 672 5000
672 673 4999
673 674 5000
674 675 4999
675 676 5000
676 677 4999
677 678 5000
678 679 4999
679 680 5000
680 681 4999
681 682 5000
682 683 4999
683 684 5000
684 685 4999
685 686 5000
686 687 4999
687 688 5000
688 689 4999
689 690 5000
690 691 4999
691 692 5000
692 693 4999
693 694 5000
694 695 4999
695 696 5000
696 697 4999
697 698 5000
698 699 4999
699 700 5000
700 701 4999
701 702 5000
702 703 4999
703 704 5000
704 705 4999
705 706 5000
706 707 4999
707 708 5000
708 709 4999
709 710 5000
710 711 4999
711 712 5000
712 713 4999
713 714 5000
714 715 4999
715 716 5000
716 717 4999
717 718 5000
718 719 4999
719 720 5000
720 721 4999
721 722 5000
722 723 4999
723 724 5000
724 725 4999
725 726 5000
726 727 4999
727 728 5000
728 729 4999
729 730 5000
730 731 4999
731 732 5000
732 733 4999
733 734 5000
734 735 4999
735 736 5000
736 737 4999
737 738 5000
738 739 4999
739 740 5000
740 741 4999
741 742 5000
742 743 4999
743 744 5000
744 745 4999
745 746 5000
746 747 4999
747 748 5000
748 749 4999
749 750 5000
750 751 4999
751 752 5000
752 753 4999
753 754 5000
754 755 4999
755 756 5000
756 757 4999
757 758 5000
758 759 4999
759 760 5000
760 761 4999
761 762 5000
762 763 4999
763 764 5000
764 765 4999
765 766 5000
766 767 4999
767 768 5000
768 769 4999
769 770 5000
770 771 4999
771 772 5000
772 773 4999
773 774 5000
774 775 4999
775 776 5000
776 777 4999
777 778 5000
778 779 4999
779 780 5000
780 781 4999
781 782 5000
782 783 4999
783 784 5000
784 785 4999
785 786 5000
786 787 4999
787 788 5000
788 789 4999
789 790 5000
790 791 4999
791 792 5000
792 793 4999
793 794 5000
794 795 4999
795 796 5000
796 797 4999
797 798 5000
798 799 4999
799 800 5000
800 801 4999
801 802 5000
802 803 4999
803 804 5000
804 805 4999
805 806 5000
806 807 4999
807 808 5000
808 809 4999
809 810 5000
810 811 4999
811 812 5000
812 813 4999
813 814 5000
814 815 4999
815 816 5000
816 817 4999
817 818 5000
818 819 4999
819 820 5000
820 821 4999
821 822 5000
822 823 4999
823 824 5000
824 825 4999
825 826 5000
826 827 4999
827 828 5000
828 829 4999
829 830 5000
830 831 4999
831 832 5000
832 833 4999
833 834 5000
834 835 4999
835 836 5000
836 837 4999
837 838 5000
838 839 4999
839 840 5000
840 841 4999
841 842 5000
842 843 4999
843 844 5000
844 845 4999
845 846 5000
846 847 4999
847 848 5000
848 849 4999
849 850 5000
850 851 4999
851 852 5000
852 853 4999
853 854 5000
854 855 4999
855 856 5000
856 857 4999
857 858 5000
858 859 4999
859 860 5000
860 861 4999
861 862 5000
862 863 4999
863 864 5000
864 865 4999
865 866 5000
866 867 4999
867 868 5000
868 869 4999
869 870 5000
870 871 4999
871 872 5000
872 873 4999
873 874 5000
874 875 4999
875 876 5000
876 877 4999
877 878 5000
878 879 4999
879 880 5000
880 881 4999
881 882 5000
882 883 4999
883 884 5000
884 885 4999
885 886 5000
886 887 4999
887 888 5000
888 889 4999
889 890 5000
890 891 4999
891 892 5000
892 893 4999
893 894 5000
894 895 4999
895 896 5000
896 897 4999
897 898 5000
898 899 4999
899 900 5000
900 901 4999
901 902 5000
902 903 4999
903 904 5000
904 905 4999
905 906 5000
906 907 4999
907 908 5000
908 909 4999
909 910 5000
910 911 4999
911 912 5000
912 913 4999
913 914 5000
914 915 4999
915 916 5000
916 917 4999
917 918 5000
918 919 4999
919 920 5000
920 921 4999
921 922 5000
922 923 4999
923 924 5000
924 925 4999
925 926 5000
926 927 4999
927 928 5000
928 929 4999
929 930 5000
930 931 4999
931 932 5000
932 933 4999
933 934 5000
934 935 4999
935 936 5000
936 937 4999
937 938 5000
938 939 4999
939 940 5000
940 941 4999
941 942 5000
942 943 4999
943 944 5000
944 945 4999
945 946 5000
946 947 4999
947 948 5000
948 949 4999
949 950 5000
950 951 4999
951 952 5000
952 953 4999
953 954 5000
954 955 4999
955 956 5000
956 957 4999
957 958 5000
958 959 4999
959 960 5000
960 961 4999
961 962 5000
962 963 4999
963 964 5000
964 965 4999
965 966 5000
966 967 4999
967 968 5000
968 969 4999
969 970 5000
970 971 4999
971 972 5000
972 973 4999
973 974 5000
974 975 4999
975 976 5000
976 977 4999
977 978 5000
978 979 4999
979 980 5000
980 981 4999
981 982 5000
982 983 4999
983 984 5000
984 985 4999
985 986 5000
986 987 4999
987 988 5000
988 989 4999
989 990 5000
990 991 4999
991 992 5000
992 993 4999
993 994 5000
994 995 4999
995 996 5000
996 997 4999
997 998 5000
998 999 4999
999 1000 5000
1000 1001 4999
1001 1002 5000
1002 1003 4999
1003 1004 5000
1004 1005 4999
1005 1006 5000
1006 1007 4999
1007 1008 5000
1008 1009 4999
1009 1010 5000
1010 1011 4999
1011 1012 5000
1012 1013 4999
1013 1014 5000
1014 1015 4999
1015 1016 5000
1016 1017 4999
1017 1018 5000
1018 1019 4999
1019 1020 5000
1020 1021 4999
1021 1022 5000
1022 1023 4999
1023 1024 5000
1024 1025 4999
1025 1026 5000
1026 1027 4999
1027 1028 5000
1028 1029 4999
1029 1030 5000
1030 1031 4999
1031 1032 5000
1032 1033 4999
1033 1034 5000
1034 1035 4999
1035 1036 5000
1036 1037 4999
1037 1038 5000
1038 1039 4999
1039 1040 5000
1040 1041 4999
1041 1042 5000
1042 1043 4999
1043 1044 5000
1044 1045 4999
1045 1046 5000
1046 1047 4999
1047 1048 5000
1048 1049 4999
1049 1050 5000
1050 1051 4999
1051 1052 5000
1052 1053 4999
1053 1054 5000
1054 1055 4999
1055 1056 5000
1056 1057 4999
1057 1058 5000
1058 1059 4999
1059 1060 5000
1060 1061 4999
1061 1062 5000
1062 1063 4999
1063 1064 5000
1064 1065 4999
1065 1066 5000
1066 1067 4999
1067 1068 5000
1068 1069 4999
1069 1070 5000
1070 1071 4999
1071 1072 5000
1072 1073 4999
1073 1074 5000
1074 1075 4999
1075 1076 5000
1076 1077 4999
1077 1078 5000
1078 1079 4999
1079 1080 5000
1080 1081 4999
1081 1082 5000
1082 1083 4999
1083 1084 5000
1084 1085 4999
1085 1086 5000
1086 1087 4999
1087 1088 5000
1088 1089 4999
1089 1090 5000
1090 1091 4999
1091 1092 5000
1092 1093 4999
1093 1094 5000
1094 1095 4999
1095 1096 5000
1096 1097 4999
1097 1098 5000
1098 1099 4999
1099 1100 5000
1100 1101 4999
1101 1102 5000
1102 1103 4999
1103 1104 5000
1104 1105 4999
1105 1106 5000
1106 1107 4999
1107 1108 5000
1108 1109 4999
1109 1110 5000
1110 1111 4999
1111 1112 5000
1112 1113 4999
1113 1114 5000
1114 1115 4999
1115 1116 5000
1116 1117 4999
1117 1118 5000
1118 1119 4999
1119 1120 5000
1120 1121 4999
1121 1122 5000
1122 1123 4999
1123 1124 5000
1124 1125 4999
1125 1126 5000
1126 1127 4999
1127 1128 5000
1128 1129 4999
1129 1130 5000
1130 1131 4999
1131 1132 5000
1132 1133 4999
1133 1134 5000
1134 1135 4999
1135 1136 5000
1136 1137 4999
1137 1138 5000
1138 1139 4999
1139 1140 5000
1140 1141 4999
1141 1142 5000
1142 1143 4999
1143 1144 5000
1144 1145 4999
1145 1146 5000
1146 1147 4999
1147 1148 5000
1148 1149 4999
1149 1150 5000
1150 1151 4999
1151 1152 5000
1152 1153 4999
1153 1154 5000
1154 1155 4999
1155 1156 5000
1156 1157 4999
1157 1158 5000
1158 1159 4999
1159 1160 5000
1160 1161 4999
1161 1162 5000
1162 1163 4999
1163 1164 5000
1164 1165 4999
1165 1166 5000
1166 1167 4999
1167 1168 5000
1168 1169 4999
1169 1170 5000
1170 1171 4999
1171 1172 5000
1172 1173 4999
1173 1174 5000
1174 1175 4999
1175 1176 5000
1176 1177 4999
1177 1178 5000
1178 1179 4999
1179 1180 5000
1180 1181 4999
1181 1182 5000
1182 1183 4999
1183 1184 5000
1184 1185 4999
1185 1186 5000
1186 1187 4999
1187 1188 5000
1188 1189 4999
1189 1190 5000
1190 1191 4999
1191 1192 5000
1192 1193 4999
1193 1194 5000
1194 1195 4999
1195 1196 5000
1196 1197 4999
1197 1198 5000
1198 1199 4999
1199 1200 5000
1200 1201 4999
1201 1202 5000
1202 1203 4999
1203 1204 5000
1204 1205 4999
1205 1206 5000
1206 1207 4999
1207 1208 5000
1208 1209 4999
1209 1210 5000
1210 1211 4999
1211 1212 5000
1212 1213 4999
1213 1214 5000
1214 1215 4999
1215 1216 5000
1216 1217 4999
1217 1218 5000
1218 1219 4999
1219 1220 5000
1220 1221 4999
1221 1222 5000
1222 1223 4999
1223 1224 5000
1224 1225 4999
1225 1226 5000
1226 1227 4999
1227 1228 5000
1228 1229 4999
1229 1230 5000
1230 1231 4999
1231 1232 5000
1232 1233 4999
1233 1234 5000
1234 1235 4999
1235 1236 5000
1236 1237 4999
1237 1238 5000
1238 1239 4999
1239 1240 5000
1240 1241 4999
1241 1242 5000
1242 1243 4999
1243 1244 5000
1244 1245 4999
1245 1246 5000
1246 1247 4999
1247 1248 5000
1248 1249 4999
1249 1250 5000
1250 1251 4999
1251 1252 5000
1252 1253 4999
1253 1254 5000
1254 1255 4999
1255 1256 5000
1256 1257 4999
1257 1258 5000
1258 1259 4999
1259 1260 5000
1260 1261 4999
1261 1262 5000
1262 1263 4999
1263 1264 5000
1264 1265 4999
1265 1266 5000
1266 1267 4999
1267 1268 5000
1268 1269 4999
1269 1270 5000
1270 1271 4999
1271 1272 5000
1272 1273 4999
1273 1274 5000
1274 1275 4999
1275 1276 5000
1276 1277 4999
1277 1278 5000
1278 1279 4999
1279 1280 5000
1280 1281 4999
1281 1282 5000
1282 1283 4999
1283 1284 5000
1284 1285 4999
1285 1286 5000
1286 1287 4999
1287 1288 5000
1288 1289 4999
1289 1290 5000
1290 1291 4999
1291 1292 5000
1292 1293 4999
1293 1294 5000
1294 1295 4999
1295 1296 5000
1296 1297 4999
1297 1298 5000
1298 1299 4999
1299 1300 5000
1300 1301 4999
1301 1302 5000
1302 1303 4999
1303 1304 5000
1304 1305 4999
1305 1306 5000
1306 1307 4999
1307 1308 5000
1308 1309 4999
1309 1310 5000
1310 1311 4999
1311 1312 5000
1312 1313 4999
1313 1314 5000
1314 1315 4999
1315 1316 5000
1316 1317 4999
1317 1318 5000
1318 1319 4999
1319 1320 5000
1320 1321 4999
1321 1322 5000
1322 1323 4999
1323 1324 5000
1324 1325 4999
1325 1326 5000
1326 1327 4999
1327 1328 5000
1328 1329 4999
1329 1330 5000
1330 1331 4999
1331 1332 5000
1332 1333 4999
1333 1334 5000
1334 1335 4999
1335 1336 5000
1336 1337 4999
1337 1338 5000
1338 1339 4999
1339 1340 5000
1340 1341 4999
1341 1342 5000
1342 1343 4999
1343 1344 5000
1344 1345 4999
1345 1346 5000
1346 1347 4999
1347 1348 5000
1348 1349 4999
1349 1350 5000
1350 1351 4999
1351 1352 5000
1352 1353 4999
1353 1354 5000
1354 1355 4999
1355 1356 5000
1356 1357 4999
1357 1358 5000
1358 1359 4999
1359 1360 5000
1360 1361 4999
1361 1362 5000
1362 1363 4999
1363 1364 5000
1364 1365 4999
1365 1366 5000
1366 1367 4999
1367 1368 5000
1368 1369 4999
1369 1370 5000
1370 1371 4999
1371 1372 5000
1372 1373 4999
1373 1374 5000
1374 1375 4999
1375 1376 5000
1376 1377 4999
1377 1378 5000
1378 1379 4999
1379 1380 5000
1380 1381 4999
1381 1382 5000
1382 1383 4999
1383 1384 5000
1384 1385 4999
1385 1386 5000
1386 1387 4999
1387 1388 5000
1388 1389 4999
1389 1390 5000
1390 1391 4999
1391 1392 5000
1392 1393 4999
1393 1394 5000
1394 1395 4999
1395 1396 5000
1396 1397 4999
1397 1398 5000
1398 1399 4999
1399 1400 5000
1400 1401 4999
1401 1402 5000
1402 1403 4999
1403 1404 5000
1404 1405 4999
1405 1406 5000
1406 1407 4999
1407 1408 5000
1408 1409 4999
1409 1410 5000
1410 1411 4999
1411 1412 5000
1412 1413 4999
1413 1414 5000
1414 1415 4999
1415 1416 5000
1416 1417 4999
1417 1418 5000
1418 1419 4999
1419 1420 5000
1420 1421 4999
1421 1422 5000
1422 1423 4999
1423 1424 5000
1424 1425 4999
1425 1426 5000
1426 1427 4999
1427 1428 5000
1428 1429 4999
1429 1430 5000
1430 1431 4999
1431 1432 5000
1432 1433 4999
1433 1434 5000
1434 1435 4999
1435 1436 5000
1436 1437 4999
1437 1438 5000
1438 1439 4999
1439 1440 5000
1440 1441 4999
1441 1442 5000
1442 1443 4999
1443 1444 5000
1444 1445 4999
1445 1446 5000
1446 1447 4999
1447 1448 5000
1448 1449 4999
1449 1450 5000
1450 1451 4999
1451 1452 5000
1452 1453 4999
1453 1454 5000
1454 1455 4999
1455 1456 5000
1456 1457 4999
1457 1458 5000
1458 1459 4999
1459 1460 5000
1460 1461 4999
1461 1462 5000
1462 1463 4999
1463 1464 5000
1464 1465 4999
1465 1466 5000
1466 1467 4999
1467 1468 5000
1468 1469 4999
1469 1470 5000
1470 1471 4999
1471 1472 5000
1472 1473 4999
1473 1474 5000
1474 1475 4999
1475 1476 5000
1476 1477 4999
1477 1478 5000
1478 1479 4999
1479 1480 5000
1480 1481 4999
1481 1482 5000
1482 1483 4999
1483 1484 5000
1484 1485 4999
1485 1486 5000
1486 1487 4999
1487 1488 5000
1488 1489 4999
1489 1490 5000
1490 1491 4999
1491 1492 5000
1492 1493 4999
1493 1494 5000
1494 1495 4999
1495 1496 5000
1496 1497 4999
1497 1498 5000
1498 1499 4999
1499 1500 5000
1500 1501 4999
1501 1502 5000
1502 1503 4999
1503 1504 5000
1504 1505 4999
1505 1506 5000
1506 1507 4999
1507 1508 5000
1508 1509 4999
1509 1510 5000
1510 1511 4999
1511 1512 5000
1512 1513 4999
1513 1514 5000
1514 1515 4999
1515 1516 5000
1516 1517 4999
1517 1518 5000
1518 1519 4999
1519 1520 5000
1520 1521 4999
1521 1522 5000
1522 1523 4999
1523 1524 5000
1524 1525 4999
1525 1526 5000
1526 1527 4999
1527 1528 5000
1528 1529 4999
1529 1530 5000
1530 1531 4999
1531 1532 5000
1532 1533 4999
1533 1534 5000
1534 1535 4999
1535 1536 5000
1536 1537 4999
1537 1538 5000
1538 1539 4999
1539 1540 5000
1540 1541 4999
1541 1542 5000
1542 1543 4999
1543 1544 5000
1544 1545 4999
1545 1546 5000
1546 1547 4999
1547 1548 5000
1548 1549 4999
1549 1550 5000
1550 1551 4999
1551 1552 5000
1552 1553 4999
1553 1554 5000
1554 1555 4999
1555 1556 5000
1556 1557 4999
1557 1558 5000
1558 1559 4999
1559 1560 5000
1560 1561 4999
1561 1562 5000
1562 1563 4999
1563 1564 5000
1564 1565 4999
1565 1566 5000
1566 1567 4999
1567 1568 5000
1568 1569 4999
1569 1570 5000
1570 1571 4999
1571 1572 5000
1572 1573 4999
1573 1574 5000
1574 1575 4999
1575 1576 5000
1576 1577 4999
1577 1578 5000
1578 1579 4999
1579 1580 5000
1580 1581 4999
1581 1582 5000
1582 1583 4999
1583 1584 5000
1584 1585 4999
1585 1586 5000
1586 1587 4999
1587 1588 5000
1588 1589 4999
1589 1590 5000
1590 1591 4999
1591 1592 5000
1592 1593 4999
1593 1594 5000
1594 1595 4999
1595 1596 5000
1596 1597 4999
1597 1598 5000
1598 1599 4999
1599 1600 5000
1600 1601 4999
1601 1602 5000
1602 1603 4999
1603 1604 5000
1604 1605 4999
1605 1606 5000
1606 1607 4999
1607 1608 5000
1608 1609 4999
1609 1610 5000
1610 1611 4999
1611 1612 5000
1612 1613 4999
1613 1614 5000
1614 1615 4999
1615 1616 5000
1616 1617 4999
1617 1618 5000
1618 1619 4999
1619 1620 5000
1620 1621 4999
1621 1622 5000
1622 1623 4999
1623 1624 5000
1624 1625 4999
1625 1626 5000
1626 1627 4999
1627 1628 5000
1628 1629 4999
1629 1630 5000
1630 1631 4999
1631 1632 5000
1632 1633 4999
1633 1634 5000
1634 1635 4999
1635 1636 5000
1636 1637 4999
1637 1638 5000
1638 1639 4999
1639 1640 5000
1640 1641 4999
1641 1642 5000
1642 1643 4999
1643 1644 5000
1644 1645 4999
1645 1646 5000
1646 1647 4999
1647 1648 5000
1648 1649 4999
1649 1650 5000
1650 1651 4999
1651 1652 5000
1652 1653 4999
1653 1654 5000
1654 1655 4999
1655 1656 5000
1656 1657 4999
1657 1658 5000
1658 1659 4999
1659 1660 5000
1660 1661 4999
1661 1662 5000
1662 1663 4999
1663 1664 5000
1664 1665 4999
1665 1666 5000
1666 1667 4999
1667 1668 5000
1668 1669 4999
1669 1670 5000
1670 1671 4999
1671 1672 5000
1672 1673 4999
1673 1674 5000
1674 1675 4999
1675 1676 5000
1676 1677 4999
1677 1678 5000
1678 1679 4999
1679 1680 5000
1680 1681 4999
1681 1682 5000
1682 1683 4999
1683 1684 5000
1684 1685 4999
1685 1686 5000
1686 1687 4999
1687 1688 5000
1688 1689 4999
1689 1690 5000
1690 1691 4999
1691 1692 5000
1692 1693 4999
1693 1694 5000
1694 1695 4999
1695 1696 5000
1696 1697 4999
1697 1698 5000
1698 1699 4999
1699 1700 5000
1700 1701 4999
1701 1702 5000
1702 1703 4999
1703 1704 5000
1704 1705 4999
1705 1706 5000
1706 1707 4999
1707 1708 5000
1708 1709 4999
1709 1710 5000
1710 1711 4999
1711 1712 5000
1712 1713 4999
1713 1714 5000
1714 1715 4999
1715 1716 5000
1716 1717 4999
1717 1718 5000
1718 1719 4999
1719 1720 5000
1720 1721 4999
1721 1722 5000
1722 1723 4999
1723 1724 5000
1724 1725 4999
1725 1726 5000
1726 1727 4999
1727 1728 5000
1728 1729 4999
1729 1730 5000
1730 1731 4999
1731 1732 5000
1732 1733 4999
1733 1734 5000
1734 1735 4999
1735 1736 5000
1736 1737 4999
1737 1738 5000
1738 1739 4999
1739 1740 5000
1740 1741 4999
1741 1742 5000
1742 1743 4999
1743 1744 5000
1744 1745 4999
1745 1746 5000
1746 1747 4999
1747 1748 5000
1748 1749 4999
1749 1750 5000
1750 1751 4999
1751 1752 5000
1752 1753 4999
1753 1754 5000
1754 1755 4999
1755 1756 5000
1756 1757 4999
1757 1758 5000
1758 1759 4999
1759 1760 5000
1760 1761 4999
1761 1762 5000
1762 1763 4999
1763 1764 5000
1764 1765 4999
1765 1766 5000
1766 1767 4999
1767 1768 5000
1768 1769 4999
1769 1770 5000
1770 1771 4999
1771 1772 5000
1772 1773 4999
1773 1774 5000
1774 1775 4999
1775 1776 5000
1776 1777 4999
1777 1778 5000
1778 1779 4999
1779 1780 5000
1780 1781 4999
1781 1782 5000
1782 1783 4999
1783 1784 5000
1784 1785 4999
1785 1786 5000
1786 1787 4999
1787 1788 5000
1788 1789 4999
1789 1790 5000
1790 1791 4999
1791 1792 5000
1792 1793 4999
1793 1794 5000
1794 1795 4999
1795 1796 5000
1796 1797 4999
1797 1798 5000
1798 1799 4999
1799 1800 5000
1800 1801 4999
1801 1802 5000
1802 1803 4999
1803 1804 5000
1804 1805 4999
1805 1806 5000
1806 1807 4999
1807 1808 5000
1808 1809 4999
1809 1810 5000
1810 1811 4999
1811 1812 5000
1812 1813 4999
1813 1814 5000
1814 1815 4999
1815 1816 5000
1816 1817 4999
1817 1818 5000
1818 1819 4999
1819 1820 5000
1820 1821 4999
1821 1822 5000
1822 1823 4999
1823 1824 5000
1824 1825 4999
1825 1826 5000
1826 1827 4999
1827 1828 5000
1828 1829 4999
1829 1830 5000
1830 1831 4999
1831 1832 5000
1832 1833 4999
1833 1834 5000
1834 1835 4999
1835 1836 5000
1836 1837 4999
1837 1838 5000
1838 1839 4999
1839 1840 5000
1840 1841 4999
1841 1842 5000
1842 1843 4999
1843 1844 5000
1844 1845 4999
1845 1846 5000
1846 1847 4999
1847 1848 5000
1848 1849 4999
1849 1850 5000
1850 1851 4999
1851 1852 5000
1852 1853 4999
1853 1854 5000
1854 1855 4999
1855 1856 5000
1856 1857 4999
1857 1858 5000
1858 1859 4999
1859 1860 5000
1860 1861 4999
1861 1862 5000
1862 1863 4999
1863 1864 5000
1864 1865 4999
1865 1866 5000
1866 1867 4999
1867 1868 5000
1868 1869 4999
1869 1870 5000
1870 1871 4999
1871 1872 5000
1872 1873 4999
1873 1874 5000
1874 1875 4999
1875 1876 5000
1876 1877 4999
1877 1878 5000
1878 1879 4999
1879 1880 5000
1880 1881 4999
1881 1882 5000
1882 1883 4999
1883 1884 5000
1884 1885 4999
1885 1886 5000
1886 1887 4999
1887 1888 5000
1888 1889 4999
1889 1890 5000
1890 1891 4999
1891 1892 5000
1892 1893 4999
1893 1894 5000
1894 1895 4999
1895 1896 5000
1896 1897 4999
1897 1898 5000
1898 1899 4999
1899 1900 5000
1900 1901 4999
1901 1902 5000
1902 1903 4999
1903 1904 5000
1904 1905 4999
1905 1906 5000
1906 1907 4999
1907 1908 5000
1908 1909 4999
1909 1910 5000
1910 1911 4999
1911 1912 5000
1912 1913 4999
1913 1914 5000
1914 1915 4999
1915 1916 5000
1916 1917 4999
1917 1918 5000
1918 1919 4999
1919 1920 5000
1920 1921 4999
1921 1922 5000
1922 1923 4999
1923 1924 5000
1924 1925 4999
1925 1926 5000
1926 1927 4999
1927 1928 5000
1928 1929 4999
1929 1930 5000
1930 1931 4999
1931 1932 5000
1932 1933 4999
1933 1934 5000
1934 1935 4999
1935 1936 5000
1936 1937 4999
1937 1938 5000
1938 1939 4999
1939 1940 5000
1940 1941 4999
1941 1942 5000
1942 1943 4999
1943 1944 5000
1944 1945 4999
1945 1946 5000
1946 1947 4999
1947 1948 5000
1948 1949 4999
1949 1950 5000
1950 1951 4999
1951 1952 5000
1952 1953 4999
1953 1954 5000
1954 1955 4999
1955 1956 5000
1956 1957 4999
1957 1958 5000
1958 1959 4999
1959 1960 5000
1960 1961 4999
1961 1962 5000
1962 1963 4999
1963 1964 5000
1964 1965 4999
1965 1966 5000
1966 1967 4999
1967 1968 5000
1968 1969 4999
1969 1970 5000
1970 1971 4999
1971 1972 5000
1972 1973 4999
1973 1974 5000
1974 1975 4999
1975 1976 5000
1976 1977 4999
1977 1978 5000
1978 1979 4999
1979 1980 5000
1980 1981 4999
1981 1982 5000
1982 1983 4999
1983 1984 5000
1984 1985 4999
1985 1986 5000
1986 1987 4999
1987 1988 5000
1988 1989 4999
1989 1990 5000
1990 1991 4999
1991 1992 5000
1992 1993 4999
1993 1994 5000
1994 1995 4999
1995 1996 5000
1996 1997 4999
1997 1998 5000
1998 1999 4999
1999 2000 5000
2000 2001 4999
2001 2002 5000
2002 2003 4999
2003 2004 5000
2004 2005 4999
2005 2006 5000
2006 2007 4999
2007 2008 5000
2008 2009 4999
2009 2010 5000
2010 2011 4999
2011 2012 5000
2012 2013 4999
2013 2014 5000
2014 2015 4999
2015 2016 5000
2016 2017 4999
2017 2018 5000
2018 2019 4999
2019 2020 5000
2020 2021 4999
2021 2022 5000
2022 2023 4999
2023 2024 5000
2024 2025 4999
2025 2026 5000
2026 2027 4999
2027 2028 5000
2028 2029 4999
2029 2030 5000
2030 2031 4999
2031 2032 5000
2032 2033 4999
2033 2034 5000
2034 2035 4999
2035 2036 5000
2036 2037 4999
2037 2038 5000
2038 2039 4999
2039 2040 5000
2040 2041 4999
2041 2042 5000
2042 2043 4999
2043 2044 5000
2044 2045 4999
2045 2046 5000
2046 2047 4999
2047 2048 5000
2048 2049 4999
2049 2050 5000
2050 2051 4999
2051 2052 5000
2052 2053 4999
2053 2054 5000
2054 2055 4999
2055 2056 5000
2056 2057 4999
2057 2058 5000
2058 2059 4999
2059 2060 5000
2060 2061 4999
2061 2062 5000
2062 2063 4999
2063 2064 5000
2064 2065 4999
2065 2066 5000
2066 2067 4999
2067 2068 5000
2068 2069 4999
2069 2070 5000
2070 2071 4999
2071 2072 5000
2072 2073 4999
2073 2074 5000
2074 2075 4999
2075 2076 5000
2076 2077 4999
2077 2078 5000
2078 2079 4999
2079 2080 5000
2080 2081 4999
2081 2082 5000
2082 2083 4999
2083 2084 5000
2084 2085 4999
2085 2086 5000
2086 2087 4999
2087 2088 5000
2088 2089 4999
2089 2090 5000
2090 2091 4999
2091 2092 5000
2092 2093 4999
2093 2094 5000
2094 2095 4999
2095 2096 5000
2096 2097 4999
2097 2098 5000
2098 2099 4999
2099 2100 5000
2100 2101 4999
2101 2102 5000
2102 2103 4999
2103 2104 5000
2104 2105 4999
2105 2106 5000
2106 2107 4999
2107 2108 5000
2108 2109 4999
2109 2110 5000
2110 2111 4999
2111 2112 5000
2112 2113 4999
2113 2114 5000
2114 2115 4999
2115 2116 5000
2116 2117 4999
2117 2118 5000
2118 2119 4999
2119 2120 5000
2120 2121 4999
2121 2122 5000
2122 2123 4999
2123 2124 5000
2124 2125 4999
2125 2126 5000
2126 2127 4999
2127 2128 5000
2128 2129 4999
2129 2130 5000
2130 2131 4999
2131 2132 5000
2132 2133 4999
2133 2134 5000
2134 2135 4999
2135 2136 5000
2136 2137 4999
2137 2138 5000
2138 2139 4999
2139 2140 5000
2140 2141 4999
2141 2142 5000
2142 2143 4999
2143 2144 5000
2144 2145 4999
2145 2146 5000
2146 2147 4999
2147 2148 5000
2148 2149 4999
2149 2150 5000
2150 2151 4999
2151 2152 5000
2152 2153 4999
2153 2154 5000
2154 2155 4999
2155 2156 5000
2156 2157 4999
2157 2158 5000
2158 2159 4999
2159 2160 5000
2160 2161 4999
2161 2162 5000
2162 2163 4999
2163 2164 5000
2164 2165 4999
2165 2166 5000
2166 2167 4999
2167 2168 5000
2168 2169 4999
2169 2170 5000
2170 2171 4999
2171 2172 5000
2172 2173 4999
2173 2174 5000
2174 2175 4999
2175 2176 5000
2176 2177 4999
2177 2178 5000
2178 2179 4999
2179 2180 5000
2180 2181 4999
2181 2182 5000
2182 2183 4999
2183 2184 5000
2184 2185 4999
2185 2186 5000
2186 2187 4999
2187 2188 5000
2188 2189 4999
2189 2190 5000
2190 2191 4999
2191 2192 5000
2192 2193 4999
2193 2194 5000
2194 2195 4999
2195 2196 5000
2196 2197 4999
2197 2198 5000
2198 2199 4999
2199 2200 5000
2200 2201 4999
2201 2202 5000
2202 2203 4999
2203 2204 5000
2204 2205 4999
2205 2206 5000
2206 2207 4999
2207 2208 5000
2208 2209 4999
2209 2210 5000
2210 2211 4999
2211 2212 5000
2212 2213 4999
2213 2214 5000
2214 2215 4999
2215 2216 5000
2216 2217 4999
2217 2218 5000
2218 2219 4999
2219 2220 5000
2220 2221 4999
2221 2222 5000
2222 2223 4999
2223 2224 5000
2224 2225 4999
2225 2226 5000
2226 2227 4999
2227 2228 5000
2228 2229 4999
2229 2230 5000
2230 2231 4999
2231 2232 5000
2232 2233 4999
2233 2234 5000
2234 2235 4999
2235 2236 5000
2236 2237 4999
2237 2238 5000
2238 2239 4999
2239 2240 5000
2240 2241 4999
2241 2242 5000
2242 2243 4999
2243 2244 5000
2244 2245 4999
2245 2246 5000
2246 2247 4999
2247 2248 5000
2248 2249 4999
2249 2250 5000
2250 2251 4999
2251 2252 5000
2252 2253 4999
2253 2254 5000
2254 2255 4999
2255 2256 5000
2256 2257 4999
2257 2258 5000
2258 2259 4999
2259 2260 5000
2260 2261 4999
2261 2262 5000
2262 2263 4999
2263 2264 5000
2264 2265 4999
2265 2266 5000
2266 2267 4999
2267 2268 5000
2268 2269 4999
2269 2270 5000
2270 2271 4999
2271 2272 5000
2272 2273 4999
2273 2274 5000
2274 2275 4999
2275 2276 5000
2276 2277 4999
2277 2278 5000
2278 2279 4999
2279 2280 5000
2280 2281 4999
2281 2282 5000
2282 2283 4999
2283 2284 5000
2284 2285 4999
2285 2286 5000
2286 2287 4999
2287 2288 5000
2288 2289 4999
2289 2290 5000
2290 2291 4999
2291 2292 5000
2292 2293 4999
2293 2294 5000
2294 2295 4999
2295 2296 5000
2296 2297 4999
2297 2298 5000
2298 2299 4999
2299 2300 5000
2300 2301 4999
2301 2302 5000
2302 2303 4999
2303 2304 5000
2304 2305 4999
2305 2306 5000
2306 2307 4999
2307 2308 5000
2308 2309 4999
2309 2310 5000
2310 2311 4999
2311 2312 5000
2312 2313 4999
2313 2314 5000
2314 2315 4999
2315 2316 5000
2316 2317 4999
2317 2318 5000
2318 2319 4999
2319 2320 5000
2320 2321 4999
2321 2322 5000
2322 2323 4999
2323 2324 5000
2324 2325 4999
2325 2326 5000
2326 2327 4999
2327 2328 5000
2328 2329 4999
2329 2330 5000
2330 2331 4999
2331 2332 5000
2332 2333 4999
2333 2334 5000
2334 2335 4999
2335 2336 5000
2336 2337 4999
2337 2338 5000
2338 2339 4999
2339 2340 5000
2340 2341 4999
2341 2342 5000
2342 2343 4999
2343 2344 5000
2344 2345 4999
2345 2346 5000
2346 2347 4999
2347 2348 5000
2348 2349 4999
2349 2350 5000
2350 2351 4999
2351 2352 5000
2352 2353 4999
2353 2354 5000
2354 2355 4999
2355 2356 5000
2356 2357 4999
2357 2358 5000
2358 2359 4999
2359 2360 5000
2360 2361 4999
2361 2362 5000
2362 2363 4999
2363 2364 5000
2364 2365 4999
2365 2366 5000
2366 2367 4999
2367 2368 5000
2368 2369 4999
2369 2370 5000
2370 2371 4999
2371 2372 5000
2372 2373 4999
2373 2374 5000
2374 2375 4999
2375 2376 5000
2376 2377 4999
2377 2378 5000
2378 2379 4999
2379 2380 5000
2380 2381 4999
2381 2382 5000
2382 2383 4999
2383 2384 5000
2384 2385 4999
2385 2386 5000
2386 2387 4999
2387 2388 5000
2388 2389 4999
2389 2390 5000
2390 2391 4999
2391 2392 5000
2392 2393 4999
2393 2394 5000
2394 2395 4999
2395 2396 5000
2396 2397 4999
2397 2398 5000
2398 2399 4999
2399 2400 5000
2400 2401 4999
2401 2402 5000
2402 2403 4999
2403 2404 5000
2404 2405 4999
2405 2406 5000
2406 2407 4999
2407 2408 5000
2408 2409 4999
2409 2410 5000
2410 2411 4999
2411 2412 5000
2412 2413 4999
2413 2414 5000
2414 2415 4999
2415 2416 5000
2416 2417 4999
2417 2418 5000
2418 2419 4999
2419 2420 5000
2420 2421 4999
2421 2422 5000
2422 2423 4999
2423 2424 5000
2424 2425 4999
2425 2426 5000
2426 2427 4999
2427 2428 5000
2428 2429 4999
2429 2430 5000
2430 2431 4999
2431 2432 5000
2432 2433 4999
2433 2434 5000
2434 2435 4999
2435 2436 5000
2436 2437 4999
2437 2438 5000
2438 2439 4999
2439 2440 5000
2440 2441 4999
2441 2442 5000
2442 2443 4999
2443 2444 5000
2444 2445 4999
2445 2446 5000
2446 2447 4999
2447 2448 5000
2448 2449 4999
2449 2450 5000
2450 2451 4999
2451 2452 5000
2452 2453 4999
2453 2454 5000
2454 2455 4999
2455 2456 5000
2456 2457 4999
2457 2458 5000
2458 2459 4999
2459 2460 5000
2460 2461 4999
2461 2462 5000
2462 2463 4999
2463 2464 5000
2464 2465 4999
2465 2466 5000
2466 2467 4999
2467 2468 5000
2468 2469 4999
2469 2470 5000
2470 2471 4999
2471 2472 5000
2472 2473 4999
2473 2474 5000
2474 2475 4999
2475 2476 5000
2476 2477 4999
2477 2478 5000
2478 2479 4999
2479 2480 5000
2480 2481 4999
2481 2482 5000
2482 2483 4999
2483 2484 5000
2484 2485 4999
2485 2486 5000
2486 2487 4999
2487 2488 5000
2488 2489 4999
2489 2490 5000
2490 2491 4999
2491 2492 5000
2492 2493 4999
2493 2494 5000
2494 2495 4999
2495 2496 5000
2496 2497 4999
2497 2498 5000
2498 2499 4999
2499 2500 5000
2500 2501 4999
2501 2502 5000
2502 2503 4999
2503 2504 5000
2504 2505 4999
2505 2506 5000
2506 2507 4999
2507 2508 5000
2508 2509 4999
2509 2510 5000
2510 2511 4999
2511 2512 5000
2512 2513 4999
2513 2514 5000
2514 2515 4999
2515 2516 5000
2516 2517 4999
2517 2518 5000
2518 2519 4999
2519 2520 5000
2520 2521 4999
2521 2522 5000
2522 2523 4999
2523 2524 5000
2524 2525 4999
2525 2526 5000
2526 2527 4999
2527 2528 5000
2528 2529 4999
2529 2530 5000
2530 2531 4999
2531 2532 5000
2532 2533 4999
2533 2534 5000
2534 2535 4999
2535 2536 5000
2536 2537 4999
2537 2538 5000
2538 2539 4999
2539 2540 5000
2540 2541 4999
2541 2542 5000
2542 2543 4999
2543 2544 5000
2544 2545 4999
2545 2546 5000
2546 2547 4999
2547 2548 5000
2548 2549 4999
2549 2550 5000
2550 2551 4999
2551 2552 5000
2552 2553 4999
2553 2554 5000
2554 2555 4999
2555 2556 5000
2556 2557 4999
2557 2558 5000
2558 2559 4999
2559 2560 5000
2560 2561 4999
2561 2562 5000
2562 2563 4999
2563 2564 5000
2564 2565 4999
2565 2566 5000
2566 2567 4999
2567 2568 5000
2568 2569 4999
2569 2570 5000
2570 2571 4999
2571 2572 5000
2572 2573 4999
2573 2574 5000
2574 2575 4999
2575 2576 5000
2576 2577 4999
2577 2578 5000
2578 2579 4999
2579 2580 5000
2580 2581 4999
2581 2582 5000
2582 2583 4999
2583 2584 5000
2584 2585 4999
2585 2586 5000
2586 2587 4999
2587 2588 5000
2588 2589 4999
2589 2590 5000
2590 2591 4999
2591 2592 5000
2592 2593 4999
2593 2594 5000
2594 2595 4999
2595 2596 5000
2596 2597 4999
2597 2598 5000
2598 2599 4999
2599 2600 5000
2600 2601 4999
2601 2602 5000
2602 2603 4999
2603 2604 5000
2604 2605 4999
2605 2606 5000
2606 2607 4999
2607 2608 5000
2608 2609 4999
2609 2610 5000
2610 2611 4999
2611 2612 5000
2612 2613 4999
2613 2614 5000
2614 2615 4999
2615 2616 5000
2616 2617 4999
2617 2618 5000
2618 2619 4999
2619 2620 5000
2620 2621 4999
2621 2622 5000
2622 2623 4999
2623 2624 5000
2624 2625 4999
2625 2626 5000
2626 2627 4999
2627 2628 5000
2628 2629 4999
2629 2630 5000
2630 2631 4999
2631 2632 5000
2632 2633 4999
2633 2634 5000
2634 2635 4999
2635 2636 5000
2636 2637 4999
2637 2638 5000
2638 2639 4999
2639 2640 5000
2640 2641 4999
2641 2642 5000
2642 2643 4999
2643 2644 5000
2644 2645 4999
2645 2646 5000
2646 2647 4999
2647 2648 5000
2648 2649 4999
2649 2650 5000
2650 2651 4999
2651 2652 5000
2652 2653 4999
2653 2654 5000
2654 2655 4999
2655 2656 5000
2656 2657 4999
2657 2658 5000
2658 2659 4999
2659 2660 5000
2660 2661 4999
2661 2662 5000
2662 2663 4999
2663 2664 5000
2664 2665 4999
2665 2666 5000
2666 2667 4999
2667 2668 5000
2668 2669 4999
2669 2670 5000
2670 2671 4999
2671 2672 5000
2672 2673 4999
2673 2674 5000
2674 2675 4999
2675 2676 5000
2676 2677 4999
2677 2678 5000
2678 2679 4999
2679 2680 5000
2680 2681 4999
2681 2682 5000
2682 2683 4999
2683 2684 5000
2684 2685 4999
2685 2686 5000
2686 2687 4999
2687 2688 5000
2688 2689 4999
2689 2690 5000
2690 2691 4999
2691 2692 5000
2692 2693 4999
2693 2694 5000
2694 2695 4999
2695 2696 5000
2696 2697 4999
2697 2698 5000
2698 2699 4999
2699 2700 5000
2700 2701 4999
2701 2702 5000
2702 2703 4999
2703 2704 5000
2704 2705 4999
2705 2706 5000
2706 2707 4999
2707 2708 5000
2708 2709 4999
2709 2710 5000
2710 2711 4999
2711 2712 5000
2712 2713 4999
2713 2714 5000
2714 2715 4999
2715 2716 5000
2716 2717 4999
2717 2718 5000
2718 2719 4999
2719 2720 5000
2720 2721 4999
2721 2722 5000
2722 2723 4999
2723 2724 5000
2724 2725 4999
2725 2726 5000
2726 2727 4999
2727 2728 5000
2728 2729 4999
2729 2730 5000
2730 2731 4999
2731 2732 5000
2732 2733 4999
2733 2734 5000
2734 2735 4999
2735 2736 5000
2736 2737 4999
2737 2738 5000
2738 2739 4999
2739 2740 5000
2740 2741 4999
2741 2742 5000
2742 2743 4999
2743 2744 5000
2744 2745 4999
2745 2746 5000
2746 2747 4999
2747 2748 5000
2748 2749 4999
2749 2750 5000
2750 2751 4999
2751 2752 5000
2752 2753 4999
2753 2754 5000
2754 2755 4999
2755 2756 5000
2756 2757 4999
2757 2758 5000
2758 2759 4999
2759 2760 5000
2760 2761 4999
2761 2762 5000
2762 2763 4999
2763 2764 5000
2764 2765 4999
2765 2766 5000
2766 2767 4999
2767 2768 5000
2768 2769 4999
2769 2770 5000
2770 2771 4999
2771 2772 5000
2772 2773 4999
2773 2774 5000
2774 2775 4999
2775 2776 5000
2776 2777 4999
2777 2778 5000
2778 2779 4999
2779 2780 5000
2780 2781 4999
2781 2782 5000
2782 2783 4999
2783 2784 5000
2784 2785 4999
2785 2786 5000
2786 2787 4999
2787 2788 5000
2788 2789 4999
2789 2790 5000
2790 2791 4999
2791 2792 5000
2792 2793 4999
2793 2794 5000
2794 2795 4999
2795 2796 5000
2796 2797 4999
2797 2798 5000
2798 2799 4999
2799 2800 5000
2800 2801 4999
2801 2802 5000
2802 2803 4999
2803 2804 5000
2804 2805 4999
2805 2806 5000
2806 2807 4999
2807 2808 5000
2808 2809 4999
2809 2810 5000
2810 2811 4999
2811 2812 5000
2812 2813 4999
2813 2814 5000
2814 2815 4999
2815 2816 5000
2816 2817 4999
2817 2818 5000
2818 2819 4999
2819 2820 5000
2820 2821 4999
2821 2822 5000
2822 2823 4999
2823 2824 5000
2824 2825 4999
2825 2826 5000
2826 2827 4999
2827 2828 5000
2828 2829 4999
2829 2830 5000
2830 2831 4999
2831 2832 5000
2832 2833 4999
2833 2834 5000
2834 2835 4999
2835 2836 5000
2836 2837 4999
2837 2838 5000
2838 2839 4999
2839 2840 5000
2840 2841 4999
2841 2842 5000
2842 2843 4999
2843 2844 5000
2844 2845 4999
2845 2846 5000
2846 2847 4999
2847 2848 5000
2848 2849 4999
2849 2850 5000
2850 2851 4999
2851 2852 5000
2852 2853 4999
2853 2854 5000
2854 2855 4999
2855 2856 5000
2856 2857 4999
2857 2858 5000
2858 2859 4999
2859 2860 5000
2860 2861 4999
2861 2862 5000
2862 2863 4999
2863 2864 5000
2864 2865 4999
2865 2866 5000
2866 2867 4999
2867 2868 5000
2868 2869 4999
2869 2870 5000
2870 2871 4999
2871 2872 5000
2872 2873 4999
2873 2874 5000
2874 2875 4999
2875 2876 5000
2876 2877 4999
2877 2878 5000
2878 2879 4999
2879 2880 5000
2880 2881 4999
2881 2882 5000
2882 2883 4999
2883 2884 5000
2884 2885 4999
2885 2886 5000
2886 2887 4999
2887 2888 5000
2888 2889 4999
2889 2890 5000
2890 2891 4999
2891 2892 5000
2892 2893 4999
2893 2894 5000
2894 2895 4999
2895 2896 5000
2896 2897 4999
2897 2898 5000
2898 2899 4999
2899 2900 5000
2900 2901 4999
2901 2902 5000
2902 2903 4999
2903 2904 5000
2904 2905 4999
2905 2906 5000
2906 2907 4999
2907 2908 5000
2908 2909 4999
2909 2910 5000
2910 2911 4999
2911 2912 5000
2912 2913 4999
2913 2914 5000
2914 2915 4999
2915 2916 5000
2916 2917 4999
2917 2918 5000
2918 2919 4999
2919 2920 5000
2920 2921 4999
2921 2922 5000
2922 2923 4999
2923 2924 5000
2924 2925 4999
2925 2926 5000
2926 2927 4999
2927 2928 5000
2928 2929 4999
2929 2930 5000
2930 2931 4999
2931 2932 5000
2932 2933 4999
2933 2934 5000
2934 2935 4999
2935 2936 5000
2936 2937 4999
2937 2938 5000
2938 2939 4999
2939 2940 5000
2940 2941 4999
2941 2942 5000
2942 2943 4999
2943 2944 5000
2944 2945 4999
2945 2946 5000
2946 2947 4999
2947 2948 5000
2948 2949 4999
2949 2950 5000
2950 2951 4999
2951 2952 5000
2952 2953 4999
2953 2954 5000
2954 2955 4999
2955 2956 5000
2956 2957 4999
2957 2958 5000
2958 2959 4999
2959 2960 5000
2960 2961 4999
2961 2962 5000
2962 2963 4999
2963 2964 5000
2964 2965 4999
2965 2966 5000
2966 2967 4999
2967 2968 5000
2968 2969 4999
2969 2970 5000
2970 2971 4999
2971 2972 5000
2972 2973 4999
2973 2974 5000
2974 2975 4999
2975 2976 5000
2976 2977 4999
2977 2978 5000
2978 2979 4999
2979 2980 5000
2980 2981 4999
2981 2982 5000
2982 2983 4999
2983 2984 5000
2984 2985 4999
2985 2986 5000
2986 2987 4999
2987 2988 5000
2988 2989 4999
2989 2990 5000
2990 2991 4999
2991 2992 5000
2992 2993 4999
2993 2994 5000
2994 2995 4999
2995 2996 5000
2996 2997 4999
2997 2998 5000
2998 2999 4999
2999 3000 5000
3000 3001 4999
3001 3002 5000
3002 3003 4999
3003 3004 5000
3004 3005 4999
3005 3006 5000
3006 3007 4999
3007 3008 5000
3008 3009 4999
3009 3010 5000
3010 3011 4999
3011 3012 5000
3012 3013 4999
3013 3014 5000
3014 3015 4999
3015 3016 5000
3016 3017 4999
3017 3018 5000
3018 3019 4999
3019 3020 5000
3020 3021 4999
3021 3022 5000
3022 3023 4999
3023 3024 5000
3024 3025 4999
3025 3026 5000
3026 3027 4999
3027 3028 5000
3028 3029 4999
3029 3030 5000
3030 3031 4999
3031 3032 5000
3032 3033 4999
3033 3034 5000
3034 3035 4999
3035 3036 5000
3036 3037 4999
3037 3038 5000
3038 3039 4999
3039 3040 5000
3040 3041 4999
3041 3042 5000
3042 3043 4999
3043 3044 5000
3044 3045 4999
3045 3046 5000
3046 3047 4999
3047 3048 5000
3048 3049 4999
3049 3050 5000
3050 3051 4999
3051 3052 5000
3052 3053 4999
3053 3054 5000
3054 3055 4999
3055 3056 5000
3056 3057 4999
3057 3058 5000
3058 3059 4999
3059 3060 5000
3060 3061 4999
3061 3062 5000
3062 3063 4999
3063 3064 5000
3064 3065 4999
3065 3066 5000
3066 3067 4999
3067 3068 5000
3068 3069 4999
3069 3070 5000
3070 3071 4999
3071 3072 5000
3072 3073 4999
3073 3074 5000
3074 3075 4999
3075 3076 5000
3076 3077 4999
3077 3078 5000
3078 3079 4999
3079 3080 5000
3080 3081 4999
3081 3082 5000
3082 3083 4999
3083 3084 5000
3084 3085 4999
3085 3086 5000
3086 3087 4999
3087 3088 5000
3088 3089 4999
3089 3090 5000
3090 3091 4999
3091 3092 5000
3092 3093 4999
3093 3094 5000
3094 3095 4999
3095 3096 5000
3096 3097 4999
3097 3098 5000
3098 3099 4999
3099 3100 5000
3100 3101 4999
3101 3102 5000
3102 3103 4999
3103 3104 5000
3104 3105 4999
3105 3106 5000
3106 3107 4999
3107 3108 5000
3108 3109 4999
3109 3110 5000
3110 3111 4999
3111 3112 5000
3112 3113 4999
3113 3114 5000
3114 3115 4999
3115 3116 5000
3116 3117 4999
3117 3118 5000
3118 3119 4999
3119 3120 5000
3120 3121 4999
3121 3122 5000
3122 3123 4999
3123 3124 5000
3124 3125 4999
3125 3126 5000
3126 3127 4999
3127 3128 5000
3128 3129 4999
3129 3130 5000
3130 3131 4999
3131 3132 5000
3132 3133 4999
3133 3134 5000
3134 3135 4999
3135 3136 5000
3136 3137 4999
3137 3138 5000
3138 3139 4999
3139 3140 5000
3140 3141 4999
3141 3142 5000
3142 3143 4999
3143 3144 5000
3144 3145 4999
3145 3146 5000
3146 3147 4999
3147 3148 5000
3148 3149 4999
3149 3150 5000
3150 3151 4999
3151 3152 5000
3152 3153 4999
3153 3154 5000
3154 3155 4999
3155 3156 5000
3156 3157 4999
3157 3158 5000
3158 3159 4999
3159 3160 5000
3160 3161 4999
3161 3162 5000
3162 3163 4999
3163 3164 5000
3164 3165 4999
3165 3166 5000
3166 3167 4999
3167 3168 5000
3168 3169 4999
3169 3170 5000
3170 3171 4999
3171 3172 5000
3172 3173 4999
3173 3174 5000
3174 3175 4999
3175 3176 5000
3176 3177 4999
3177 3178 5000
3178 3179 4999
3179 3180 5000
3180 3181 4999
3181 3182 5000
3182 3183 4999
3183 3184 5000
3184 3185 4999
3185 3186 5000
3186 3187 4999
3187 3188 5000
3188 3189 4999
3189 3190 5000
3190 3191 4999
3191 3192 5000
3192 3193 4999
3193 3194 5000
3194 3195 4999
3195 3196 5000
3196 3197 4999
3197 3198 5000
3198 3199 4999
3199 3200 5000
3200 3201 4999
3201 3202 5000
3202 3203 4999
3203 3204 5000
3204 3205 4999
3205 3206 5000
3206 3207 4999
3207 3208 5000
3208 3209 4999
3209 3210 5000
3210 3211 4999
3211 3212 5000
3212 3213 4999
3213 3214 5000
3214 3215 4999
3215 3216 5000
3216 3217 4999
3217 3218 5000
3218 3219 4999
3219 3220 5000
3220 3221 4999
3221 3222 5000
3222 3223 4999
3223 3224 5000
3224 3225 4999
3225 3226 5000
3226 3227 4999
3227 3228 5000
3228 3229 4999
3229 3230 5000
3230 3231 4999
3231 3232 5000
3232 3233 4999
3233 3234 5000
3234 3235 4999
3235 3236 5000
3236 3237 4999
3237 3238 5000
3238 3239 4999
3239 3240 5000
3240 3241 4999
3241 3242 5000
3242 3243 4999
3243 3244 5000
3244 3245 4999
3245 3246 5000
3246 3247 4999
3247 3248 5000
3248 3249 4999
3249 3250 5000
3250 3251 4999
3251 3252 5000
3252 3253 4999
3253 3254 5000
3254 3255 4999
3255 3256 5000
3256 3257 4999
3257 3258 5000
3258 3259 4999
3259 3260 5000
3260 3261 4999
3261 3262 5000
3262 3263 4999
3263 3264 5000
3264 3265 4999
3265 3266 5000
3266 3267 4999
3267 3268 5000
3268 3269 4999
3269 3270 5000
3270 3271 4999
3271 3272 5000
3272 3273 4999
3273 3274 5000
3274 3275 4999
3275 3276 5000
3276 3277 4999
3277 3278 5000
3278 3279 4999
3279 3280 5000
3280 3281 4999
3281 3282 5000
3282 3283 4999
3283 3284 5000
3284 3285 4999
3285 3286 5000
3286 3287 4999
3287 3288 5000
3288 3289 4999
3289 3290 5000
3290 3291 4999
3291 3292 5000
3292 3293 4999
3293 3294 5000
3294 3295 4999
3295 3296 5000
3296 3297 4999
3297 3298 5000
3298 3299 4999
3299 3300 5000
3300 3301 4999
3301 3302 5000
3302 3303 4999
3303 3304 5000
3304 3305 4999
3305 3306 5000
3306 3307 4999
3307 3308 5000
3308 3309 4999
3309 3310 5000
3310 3311 4999
3311 3312 5000
3312 3313 4999
3313 3314 5000
3314 3315 4999
3315 3316 5000
3316 3317 4999
3317 3318 5000
3318 3319 4999
3319 3320 5000
3320 3321 4999
3321 3322 5000
3322 3323 4999
3323 3324 5000
3324 3325 4999
3325 3326 5000
3326 3327 4999
3327 3328 5000
3328 3329 4999
3329 3330 5000
3330 3331 4999
3331 3332 5000
3332 3333 4999
3333 3334 5000
3334 3335 4999
3335 3336 5000
3336 3337 4999
3337 3338 5000
3338 3339 4999
3339 3340 5000
3340 3341 4999
3341 3342 5000
3342 3343 4999
3343 3344 5000
3344 3345 4999
3345 3346 5000
3346 3347 4999
3347 3348 5000
3348 3349 4999
3349 3350 5000
3350 3351 4999
3351 3352 5000
3352 3353 4999
3353 3354 5000
3354 3355 4999
3355 3356 5000
3356 3357 4999
3357 3358 5000
3358 3359 4999
3359 3360 5000
3360 3361 4999
3361 3362 5000
3362 3363 4999
3363 3364 5000
3364 3365 4999
3365 3366 5000
3366 3367 4999
3367 3368 5000
3368 3369 4999
3369 3370 5000
3370 3371 4999
3371 3372 5000
3372 3373 4999
3373 3374 5000
3374 3375 4999
3375 3376 5000
3376 3377 4999
3377 3378 5000
3378 3379 4999
3379 3380 5000
3380 3381 4999
3381 3382 5000
3382 3383 4999
3383 3384 5000
3384 3385 4999
3385 3386 5000
3386 3387 4999
3387 3388 5000
3388 3389 4999
3389 3390 5000
3390 3391 4999
3391 3392 5000
3392 3393 4999
3393 3394 5000
3394 3395 4999
3395 3396 5000
3396 3397 4999
3397 3398 5000
3398 3399 4999
3399 3400 5000
3400 3401 4999
3401 3402 5000
3402 3403 4999
3403 3404 5000
3404 3405 4999
3405 3406 5000
3406 3407 4999
3407 3408 5000
3408 3409 4999
3409 3410 5000
3410 3411 4999
3411 3412 5000
3412 3413 4999
3413 3414 5000
3414 3415 4999
3415 3416 5000
3416 3417 4999
3417 3418 5000
3418 3419 4999
3419 3420 5000
3420 3421 4999
3421 3422 5000
3422 3423 4999
3423 3424 5000
3424 3425 4999
3425 3426 5000
3426 3427 4999
3427 3428 5000
3428 3429 4999
3429 3430 5000
3430 3431 4999
3431 3432 5000
3432 3433 4999
3433 3434 5000
3434 3435 4999
3435 3436 5000
3436 3437 4999
3437 3438 5000
3438 3439 4999
3439 3440 5000
3440 3441 4999
3441 3442 5000
3442 3443 4999
3443 3444 5000
3444 3445 4999
3445 3446 5000
3446 3447 4999
3447 3448 5000
3448 3449 4999
3449 3450 5000
3450 3451 4999
3451 3452 5000
3452 3453 4999
3453 3454 5000
3454 3455 4999
3455 3456 5000
3456 3457 4999
3457 3458 5000
3458 3459 4999
3459 3460 5000
3460 3461 4999
3461 3462 5000
3462 3463 4999
3463 3464 5000
3464 3465 4999
3465 3466 5000
3466 3467 4999
3467 3468 5000
3468 3469 4999
3469 3470 5000
3470 3471 4999
3471 3472 5000
3472 3473 4999
3473 3474 5000
3474 3475 4999
3475 3476 5000
3476 3477 4999
3477 3478 5000
3478 3479 4999
3479 3480 5000
3480 3481 4999
3481 3482 5000
3482 3483 4999
3483 3484 5000
3484 3485 4999
3485 3486 5000
3486 3487 4999
3487 3488 5000
3488 3489 4999
3489 3490 5000
3490 3491 4999
3491 3492 5000
3492 3493 4999
3493 3494 5000
3494 3495 4999
3495 3496 5000
3496 3497 4999
3497 3498 5000
3498 3499 4999
3499 3500 5000
3500 3501 4999
3501 3502 5000
3502 3503 4999
3503 3504 5000
3504 3505 4999
3505 3506 5000
3506 3507 4999
3507 3508 5000
3508 3509 4999
3509 3510 5000
3510 3511 4999
3511 3512 5000
3512 3513 4999
3513 3514 5000
3514 3515 4999
3515 3516 5000
3516 3517 4999
3517 3518 5000
3518 3519 4999
3519 3520 5000
3520 3521 4999
3521 3522 5000
3522 3523 4999
3523 3524 5000
3524 3525 4999
3525 3526 5000
3526 3527 4999
3527 3528 5000
3528 3529 4999
3529 3530 5000
3530 3531 4999
3531 3532 5000
3532 3533 4999
3533 3534 5000
3534 3535 4999
3535 3536 5000
3536 3537 4999
3537 3538 5000
3538 3539 4999
3539 3540 5000
3540 3541 4999
3541 3542 5000
3542 3543 4999
3543 3544 5000
3544 3545 4999
3545 3546 5000
3546 3547 4999
3547 3548 5000
3548 3549 4999
3549 3550 5000
3550 3551 4999
3551 3552 5000
3552 3553 4999
3553 3554 5000
3554 3555 4999
3555 3556 5000
3556 3557 4999
3557 3558 5000
3558 3559 4999
3559 3560 5000
3560 3561 4999
3561 3562 5000
3562 3563 4999
3563 3564 5000
3564 3565 4999
3565 3566 5000
3566 3567 4999
3567 3568 5000
3568 3569 4999
3569 3570 5000
3570 3571 4999
3571 3572 5000
3572 3573 4999
3573 3574 5000
3574 3575 4999
3575 3576 5000
3576 3577 4999
3577 3578 5000
3578 3579 4999
3579 3580 5000
3580 3581 4999
3581 3582 5000
3582 3583 4999
3583 3584 5000
3584 3585 4999
3585 3586 5000
3586 3587 4999
3587 3588 5000
3588 3589 4999
3589 3590 5000
3590 3591 4999
3591 3592 5000
3592 3593 4999
3593 3594 5000
3594 3595 4999
3595 3596 5000
3596 3597 4999
3597 3598 5000
3598 3599 4999
3599 3600 5000
3600 3601 4999
3601 3602 5000
3602 3603 4999
3603 3604 5000
3604 3605 4999
3605 3606 5000
3606 3607 4999
3607 3608 5000
3608 3609 4999
3609 3610 5000
3610 3611 4999
3611 3612 5000
3612 3613 4999
3613 3614 5000
3614 3615 4999
3615 3616 5000
3616 3617 4999
3617 3618 5000
3618 3619 4999
3619 3620 5000
3620 3621 4999
3621 3622 5000
3622 3623 4999
3623 3624 5000
3624 3625 4999
3625 3626 5000
3626 3627 4999
3627 3628 5000
3628 3629 4999
3629 3630 5000
3630 3631 4999
3631 3632 5000
3632 3633 4999
3633 3634 5000
3634 3635 4999
3635 3636 5000
3636 3637 4999
3637 3638 5000
3638 3639 4999
3639 3640 5000
3640 3641 4999
3641 3642 5000
3642 3643 4999
3643 3644 5000
3644 3645 4999
3645 3646 5000
3646 3647 4999
3647 3648 5000
3648 3649 4999
3649 3650 5000
3650 3651 4999
3651 3652 5000
3652 3653 4999
3653 3654 5000
3654 3655 4999
3655 3656 5000
3656 3657 4999
3657 3658 5000
3658 3659 4999
3659 3660 5000
3660 3661 4999
3661 3662 5000
3662 3663 4999
3663 3664 5000
3664 3665 4999
3665 3666 5000
3666 3667 4999
3667 3668 5000
3668 3669 4999
3669 3670 5000
3670 3671 4999
3671 3672 5000
3672 3673 4999
3673 3674 5000
3674 3675 4999
3675 3676 5000
3676 3677 4999
3677 3678 5000
3678 3679 4999
3679 3680 5000
3680 3681 4999
3681 3682 5000
3682 3683 4999
3683 3684 5000
3684 3685 4999
3685 3686 5000
3686 3687 4999
3687 3688 5000
3688 3689 4999
3689 3690 5000
3690 3691 4999
3691 3692 5000
3692 3693 4999
3693 3694 5000
3694 3695 4999
3695 3696 5000
3696 3697 4999
3697 3698 5000
3698 3699 4999
3699 3700 5000
3700 3701 4999
3701 3702 5000
3702 3703 4999
3703 3704 5000
3704 3705 4999
3705 3706 5000
3706 3707 4999
3707 3708 5000
3708 3709 4999
3709 3710 5000
3710 3711 4999
3711 3712 5000
3712 3713 4999
3713 3714 5000
3714 3715 4999
3715 3716 5000
3716 3717 4999
3717 3718 5000
3718 3719 4999
3719 3720 5000
3720 3721 4999
3721 3722 5000
3722 3723 4999
3723 3724 5000
3724 3725 4999
3725 3726 5000
3726 3727 4999
3727 3728 5000
3728 3729 4999
3729 3730 5000
3730 3731 4999
3731 3732 5000
3732 3733 4999
3733 3734 5000
3734 3735 4999
3735 3736 5000
3736 3737 4999
3737 3738 5000
3738 3739 4999
3739 3740 5000
3740 3741 4999
3741 3742 5000
3742 3743 4999
3743 3744 5000
3744 3745 4999
3745 3746 5000
3746 3747 4999
3747 3748 5000
3748 3749 4999
3749 3750 5000
3750 3751 4999
3751 3752 5000
3752 3753 4999
3753 3754 5000
3754 3755 4999
3755 3756 5000
3756 3757 4999
3757 3758 5000
3758 3759 4999
3759 3760 5000
3760 3761 4999
3761 3762 5000
3762 3763 4999
3763 3764 5000
3764 3765 4999
3765 3766 5000
3766 3767 4999
3767 3768 5000
3768 3769 4999
3769 3770 5000
3770 3771 4999
3771 3772 5000
3772 3773 4999
3773 3774 5000
3774 3775 4999
3775 3776 5000
3776 3777 4999
3777 3778 5000
3778 3779 4999
3779 3780 5000
3780 3781 4999
3781 3782 5000
3782 3783 4999
3783 3784 5000
3784 3785 4999
3785 3786 5000
3786 3787 4999
3787 3788 5000
3788 3789 4999
3789 3790 5000
3790 3791 4999
3791 3792 5000
3792 3793 4999
3793 3794 5000
3794 3795 4999
3795 3796 5000
3796 3797 4999
3797 3798 5000
3798 3799 4999
3799 3800 5000
3800 3801 4999
3801 3802 5000
3802 3803 4999
3803 3804 5000
3804 3805 4999
3805 3806 5000
3806 3807 4999
3807 3808 5000
3808 3809 4999
3809 3810 5000
3810 3811 4999
3811 3812 5000
3812 3813 4999
3813 3814 5000
3814 3815 4999
3815 3816 5000
3816 3817 4999
3817 3818 5000
3818 3819 4999
3819 3820 5000
3820 3821 4999
3821 3822 5000
3822 3823 4999
3823 3824 5000
3824 3825 4999
3825 3826 5000
3826 3827 4999
3827 3828 5000
3828 3829 4999
3829 3830 5000
3830 3831 4999
3831 3832 5000
3832 3833 4999
3833 3834 5000
3834 3835 4999
3835 3836 5000
3836 3837 4999
3837 3838 5000
3838 3839 4999
3839 3840 5000
3840 3841 4999
3841 3842 5000
3842 3843 4999
3843 3844 5000
3844 3845 4999
3845 3846 5000
3846 3847 4999
3847 3848 5000
3848 3849 4999
3849 3850 5000
3850 3851 4999
3851 3852 5000
3852 3853 4999
3853 3854 5000
3854 3855 4999
3855 3856 5000
3856 3857 4999
3857 3858 5000
3858 3859 4999
3859 3860 5000
3860 3861 4999
3861 3862 5000
3862 3863 4999
3863 3864 5000
3864 3865 4999
3865 3866 5000
3866 3867 4999
3867 3868 5000
3868 3869 4999
3869 3870 5000
3870 3871 4999
3871 3872 5000
3872 3873 4999
3873 3874 5000
3874 3875 4999
3875 3876 5000
3876 3877 4999
3877 3878 5000
3878 3879 4999
3879 3880 5000
3880 3881 4999
3881 3882 5000
3882 3883 4999
3883 3884 5000
3884 3885 4999
3885 3886 5000
3886 3887 4999
3887 3888 5000
3888 3889 4999
3889 3890 5000
3890 3891 4999
3891 3892 5000
3892 3893 4999
3893 3894 5000
3894 3895 4999
3895 3896 5000
3896 3897 4999
3897 3898 5000
3898 3899 4999
3899 3900 5000
3900 3901 4999
3901 3902 5000
3902 3903 4999
3903 3904 5000
3904 3905 4999
3905 3906 5000
3906 3907 4999
3907 3908 5000
3908 3909 4999
3909 3910 5000
3910 3911 4999
3911 3912 5000
3912 3913 4999
3913 3914 5000
3914 3915 4999
3915 3916 5000
3916 3917 4999
3917 3918 5000
3918 3919 4999
3919 3920 5000
3920 3921 4999
3921 3922 5000
3922 3923 4999
3923 3924 5000
3924 3925 4999
3925 3926 5000
3926 3927 4999
3927 3928 5000
3928 3929 4999
3929 3930 5000
3930 3931 4999
3931 3932 5000
3932 3933 4999
3933 3934 5000
3934 3935 4999
3935 3936 5000
3936 3937 4999
3937 3938 5000
3938 3939 4999
3939 3940 5000
3940 3941 4999
3941 3942 5000
3942 3943 4999
3943 3944 5000
3944 3945 4999
3945 3946 5000
3946 3947 4999
3947 3948 5000
3948 3949 4999
3949 3950 5000
3950 3951 4999
3951 3952 5000
3952 3953 4999
3953 3954 5000
3954 3955 4999
3955 3956 5000
3956 3957 4999
3957 3958 5000
3958 3959 4999
3959 3960 5000
3960 3961 4999
3961 3962 5000
3962 3963 4999
3963 3964 5000
3964 3965 4999
3965 3966 5000
3966 3967 4999
3967 3968 5000
3968 3969 4999
3969 3970 5000
3970 3971 4999
3971 3972 5000
3972 3973 4999
3973 3974 5000
3974 3975 4999
3975 3976 5000
3976 3977 4999
3977 3978 5000
3978 3979 4999
3979 3980 5000
3980 3981 4999
3981 3982 5000
3982 3983 4999
3983 3984 5000
3984 3985 4999
3985 3986 5000
3986 3987 4999
3987 3988 5000
3988 3989 4999
3989 3990 5000
3990 3991 4999
3991 3992 5000
3992 3993 4999
3993 3994 5000
3994 3995 4999
3995 3996 5000
3996 3997 4999
3997 3998 5000
3998 3999 4999
3999 4000 5000
4000 4001 4999
4001 4002 5000
4002 4003 4999
4003 4004 5000
4004 4005 4999
4005 4006 5000
4006 4007 4999
4007 4008 5000
4008 4009 4999
4009 4010 5000
4010 4011 4999
4011 4012 5000
4012 4013 4999
4013 4014 5000
4014 4015 4999
4015 4016 5000
4016 4017 4999
4017 4018 5000
4018 4019 4999
4019 4020 5000
4020 4021 4999
4021 4022 5000
4022 4023 4999
4023 4024 5000
4024 4025 4999
4025 4026 5000
4026 4027 4999
4027 4028 5000
4028 4029 4999
4029 4030 5000
4030 4031 4999
4031 4032 5000
4032 4033 4999
4033 4034 5000
4034 4035 4999
4035 4036 5000
4036 4037 4999
4037 4038 5000
4038 4039 4999
4039 4040 5000
4040 4041 4999
4041 4042 5000
4042 4043 4999
4043 4044 5000
4044 4045 4999
4045 4046 5000
4046 4047 4999
4047 4048 5000
4048 4049 4999
4049 4050 5000
4050 4051 4999
4051 4052 5000
4052 4053 4999
4053 4054 5000
4054 4055 4999
4055 4056 5000
4056 4057 4999
4057 4058 5000
4058 4059 4999
4059 4060 5000
4060 4061 4999
4061 4062 5000
4062 4063 4999
4063 4064 5000
4064 4065 4999
4065 4066 5000
4066 4067 4999
4067 4068 5000
4068 4069 4999
4069 4070 5000
4070 4071 4999
4071 4072 5000
4072 4073 4999
4073 4074 5000
4074 4075 4999
4075 4076 5000
4076 4077 4999
4077 4078 5000
4078 4079 4999
4079 4080 5000
4080 4081 4999
4081 4082 5000
4082 4083 4999
4083 4084 5000
4084 4085 4999
4085 4086 5000
4086 4087 4999
4087 4088 5000
4088 4089 4999
4089 4090 5000
4090 4091 4999
4091 4092 5000
4092 4093 4999
4093 4094 5000
4094 4095 4999
4095 4096 5000
4096 4097 4999
4097 4098 5000
4098 4099 4999
4099 4100 5000
4100 4101 4999
4101 4102 5000
4102 4103 4999
4103 4104 5000
4104 4105 4999
4105 4106 5000
4106 4107 4999
4107 4108 5000
4108 4109 4999
4109 4110 5000
4110 4111 4999
4111 4112 5000
4112 4113 4999
4113 4114 5000
4114 4115 4999
4115 4116 5000
4116 4117 4999
4117 4118 5000
4118 4119 4999
4119 4120 5000
4120 4121 4999
4121 4122 5000
4122 4123 4999
4123 4124 5000
4124 4125 4999
4125 4126 5000
4126 4127 4999
4127 4128 5000
4128 4129 4999
4129 4130 5000
4130 4131 4999
4131 4132 5000
4132 4133 4999
4133 4134 5000
4134 4135 4999
4135 4136 5000
4136 4137 4999
4137 4138 5000
4138 4139 4999
4139 4140 5000
4140 4141 4999
4141 4142 5000
4142 4143 4999
4143 4144 5000
4144 4145 4999
4145 4146 5000
4146 4147 4999
4147 4148 5000
4148 4149 4999
4149 4150 5000
4150 4151 4999
4151 4152 5000
4152 4153 4999
4153 4154 5000
4154 4155 4999
4155 4156 5000
4156 4157 4999
4157 4158 5000
4158 4159 4999
4159 4160 5000
4160 4161 4999
4161 4162 5000
4162 4163 4999
4163 4164 5000
4164 4165 4999
4165 4166 5000
4166 4167 4999
4167 4168 5000
4168 4169 4999
4169 4170 5000
4170 4171 4999
4171 4172 5000
4172 4173 4999
4173 4174 5000
4174 4175 4999
4175 4176 5000
4176 4177 4999
4177 4178 5000
4178 4179 4999
4179 4180 5000
4180 4181 4999
4181 4182 5000
4182 4183 4999
4183 4184 5000
4184 4185 4999
4185 4186 5000
4186 4187 4999
4187 4188 5000
4188 4189 4999
4189 4190 5000
4190 4191 4999
4191 4192 5000
4192 4193 4999
4193 4194 5000
4194 4195 4999
4195 4196 5000
4196 4197 4999
4197 4198 5000
4198 4199 4999
4199 4200 5000
4200 4201 4999
4201 4202 5000
4202 4203 4999
4203 4204 5000
4204 4205 4999
4205 4206 5000
4206 4207 4999
4207 4208 5000
4208 4209 4999
4209 4210 5000
4210 4211 4999
4211 4212 5000
4212 4213 4999
4213 4214 5000
4214 4215 4999
4215 4216 5000
4216 4217 4999
4217 4218 5000
4218 4219 4999
4219 4220 5000
4220 4221 4999
4221 4222 5000
4222 4223 4999
4223 4224 5000
4224 4225 4999
4225 4226 5000
4226 4227 4999
4227 4228 5000
4228 4229 4999
4229 4230 5000
4230 4231 4999
4231 4232 5000
4232 4233 4999
4233 4234 5000
4234 4235 4999
4235 4236 5000
4236 4237 4999
4237 4238 5000
4238 4239 4999
4239 4240 5000
4240 4241 4999
4241 4242 5000
4242 4243 4999
4243 4244 5000
4244 4245 4999
4245 4246 5000
4246 4247 4999
4247 4248 5000
4248 4249 4999
4249 4250 5000
4250 4251 4999
4251 4252 5000
4252 4253 4999
4253 4254 5000
4254 4255 4999
4255 4256 5000
4256 4257 4999
4257 4258 5000
4258 4259 4999
4259 4260 5000
4260 4261 4999
4261 4262 5000
4262 4263 4999
4263 4264 5000
4264 4265 4999
4265 4266 5000
4266 4267 4999
4267 4268 5000
4268 4269 4999
4269 4270 5000
4270 4271 4999
4271 4272 5000
4272 4273 4999
4273 4274 5000
4274 4275 4999
4275 4276 5000
4276 4277 4999
4277 4278 5000
4278 4279 4999
4279 4280 5000
4280 4281 4999
4281 4282 5000
4282 4283 4999
4283 4284 5000
4284 4285 4999
4285 4286 5000
4286 4287 4999
4287 4288 5000
4288 4289 4999
4289 4290 5000
4290 4291 4999
4291 4292 5000
4292 4293 4999
4293 4294 5000
4294 4295 4999
4295 4296 5000
4296 4297 4999
4297 4298 5000
4298 4299 4999
4299 4300 5000
4300 4301 4999
4301 4302 5000
4302 4303 4999
4303 4304 5000
4304 4305 4999
4305 4306 5000
4306 4307 4999
4307 4308 5000
4308 4309 4999
4309 4310 5000
4310 4311 4999
4311 4312 5000
4312 4313 4999
4313 4314 5000
4314 4315 4999
4315 4316 5000
4316 4317 4999
4317 4318 5000
4318 4319 4999
4319 4320 5000
4320 4321 4999
4321 4322 5000
4322 4323 4999
4323 4324 5000
4324 4325 4999
4325 4326 5000
4326 4327 4999
4327 4328 5000
4328 4329 4999
4329 4330 5000
4330 4331 4999
4331 4332 5000
4332 4333 4999
4333 4334 5000
4334 4335 4999
4335 4336 5000
4336 4337 4999
4337 4338 5000
4338 4339 4999
4339 4340 5000
4340 4341 4999
4341 4342 5000
4342 4343 4999
4343 4344 5000
4344 4345 4999
4345 4346 5000
4346 4347 4999
4347 4348 5000
4348 4349 4999
4349 4350 5000
4350 4351 4999
4351 4352 5000
4352 4353 4999
4353 4354 5000
4354 4355 4999
4355 4356 5000
4356 4357 4999
4357 4358 5000
4358 4359 4999
4359 4360 5000
4360 4361 4999
4361 4362 5000
4362 4363 4999
4363 4364 5000
4364 4365 4999
4365 4366 5000
4366 4367 4999
4367 4368 5000
4368 4369 4999
4369 4370 5000
4370 4371 4999
4371 4372 5000
4372 4373 4999
4373 4374 5000
4374 4375 4999
4375 4376 5000
4376 4377 4999
4377 4378 5000
4378 4379 4999
4379 4380 5000
4380 4381 4999
4381 4382 5000
4382 4383 4999
4383 4384 5000
4384 4385 4999
4385 4386 5000
4386 4387 4999
4387 4388 5000
4388 4389 4999
4389 4390 5000
4390 4391 4999
4391 4392 5000
4392 4393 4999
4393 4394 5000
4394 4395 4999
4395 4396 5000
4396 4397 4999
4397 4398 5000
4398 4399 4999
4399 4400 5000
4400 4401 4999
4401 4402 5000
4402 4403 4999
4403 4404 5000
4404 4405 4999
4405 4406 5000
4406 4407 4999
4407 4408 5000
4408 4409 4999
4409 4410 5000
4410 4411 4999
4411 4412 5000
4412 4413 4999
4413 4414 5000
4414 4415 4999
4415 4416 5000
4416 4417 4999
4417 4418 5000
4418 4419 4999
4419 4420 5000
4420 4421 4999
4421 4422 5000
4422 4423 4999
4423 4424 5000
4424 4425 4999
4425 4426 5000
4426 4427 4999
4427 4428 5000
4428 4429 4999
4429 4430 5000
4430 4431 4999
4431 4432 5000
4432 4433 4999
4433 4434 5000
4434 4435 4999
4435 4436 5000
4436 4437 4999
4437 4438 5000
4438 4439 4999
4439 4440 5000
4440 4441 4999
4441 4442 5000
4442 4443 4999
4443 4444 5000
4444 4445 4999
4445 4446 5000
4446 4447 4999
4447 4448 5000
4448 4449 4999
4449 4450 5000
4450 4451 4999
4451 4452 5000
4452 4453 4999
4453 4454 5000
4454 4455 4999
4455 4456 5000
4456 4457 4999
4457 4458 5000
4458 4459 4999
4459 4460 5000
4460 4461 4999
4461 4462 5000
4462 4463 4999
4463 4464 5000
4464 4465 4999
4465 4466 5000
4466 4467 4999
4467 4468 5000
4468 4469 4999
4469 4470 5000
4470 4471 4999
4471 4472 5000
4472 4473 4999
4473 4474 5000
4474 4475 4999
4475 4476 5000
4476 4477 4999
4477 4478 5000
4478 4479 4999
4479 4480 5000
4480 4481 4999
4481 4482 5000
4482 4483 4999
4483 4484 5000
4484 4485 4999
4485 4486 5000
4486 4487 4999
4487 4488 5000
4488 4489 4999
4489 4490 5000
4490 4491 4999
4491 4492 5000
4492 4493 4999
4493 4494 5000
4494 4495 4999
4495 4496 5000
4496 4497 4999
4497 4498 5000
4498 4499 4999
4499 4500 5000
4500 4501 4999
4501 4502 5000
4502 4503 4999
4503 4504 5000
4504 4505 4999
4505 4506 5000
4506 4507 4999
4507 4508 5000
4508 4509 4999
4509 4510 5000
4510 4511 4999
4511 4512 5000
4512 4513 4999
4513 4514 5000
4514 4515 4999
4515 4516 5000
4516 4517 4999
4517 4518 5000
4518 4519 4999
4519 4520 5000
4520 4521 4999
4521 4522 5000
4522 4523 4999
4523 4524 5000
4524 4525 4999
4525 4526 5000
4526 4527 4999
4527 4528 5000
4528 4529 4999
4529 4530 5000
4530 4531 4999
4531 4532 5000
4532 4533 4999
4533 4534 5000
4534 4535 4999
4535 4536 5000
4536 4537 4999
4537 4538 5000
4538 4539 4999
4539 4540 5000
4540 4541 4999
4541 4542 5000
4542 4543 4999
4543 4544 5000
4544 4545 4999
4545 4546 5000
4546 4547 4999
4547 4548 5000
4548 4549 4999
4549 4550 5000
4550 4551 4999
4551 4552 5000
4552 4553 4999
4553 4554 5000
4554 4555 4999
4555 4556 5000
4556 4557 4999
4557 4558 5000
4558 4559 4999
4559 4560 5000
4560 4561 4999
4561 4562 5000
4562 4563 4999
4563 4564 5000
4564 4565 4999
4565 4566 5000
4566 4567 4999
4567 4568 5000
4568 4569 4999
4569 4570 5000
4570 4571 4999
4571 4572 5000
4572 4573 4999
4573 4574 5000
4574 4575 4999
4575 4576 5000
4576 4577 4999
4577 4578 5000
4578 4579 4999
4579 4580 5000
4580 4581 4999
4581 4582 5000
4582 4583 4999
4583 4584 5000
4584 4585 4999
4585 4586 5000
4586 4587 4999
4587 4588 5000
4588 4589 4999
4589 4590 5000
4590 4591 4999
4591 4592 5000
4592 4593 4999
4593 4594 5000
4594 4595 4999
4595 4596 5000
4596 4597 4999
4597 4598 5000
4598 4599 4999
4599 4600 5000
4600 4601 4999
4601 4602 5000
4602 4603 4999
4603 4604 5000
4604 4605 4999
4605 4606 5000
4606 4607 4999
4607 4608 5000
4608 4609 4999
4609 4610 5000
4610 4611 4999
4611 4612 5000
4612 4613 4999
4613 4614 5000
4614 4615 4999
4615 4616 5000
4616 4617 4999
4617 4618 5000
4618 4619 4999
4619 4620 5000
4620 4621 4999
4621 4622 5000
4622 4623 4999
4623 4624 5000
4624 4625 4999
4625 4626 5000
4626 4627 4999
4627 4628 5000
4628 4629 4999
4629 4630 5000
4630 4631 4999
4631 4632 5000
4632 4633 4999
4633 4634 5000
4634 4635 4999
4635 4636 5000
4636 4637 4999
4637 4638 5000
4638 4639 4999
4639 4640 5000
4640 4641 4999
4641 4642 5000
4642 4643 4999
4643 4644 5000
4644 4645 4999
4645 4646 5000
4646 4647 4999
4647 4648 5000
4648 4649 4999
4649 4650 5000
4650 4651 4999
4651 4652 5000
4652 4653 4999
4653 4654 5000
4654 4655 4999
4655 4656 5000
4656 4657 4999
4657 4658 5000
4658 4659 4999
4659 4660 5000
4660 4661 4999
4661 4662 5000
4662 4663 4999
4663 4664 5000
4664 4665 4999
4665 4666 5000
4666 4667 4999
4667 4668 5000
4668 4669 4999
4669 4670 5000
4670 4671 4999
4671 4672 5000
4672 4673 4999
4673 4674 5000
4674 4675 4999
4675 4676 5000
4676 4677 4999
4677 4678 5000
4678 4679 4999
4679 4680 5000
4680 4681 4999
4681 4682 5000
4682 4683 4999
4683 4684 5000
4684 4685 4999
4685 4686 5000
4686 4687 4999
4687 4688 5000
4688 4689 4999
4689 4690 5000
4690 4691 4999
4691 4692 5000
4692 4693 4999
4693 4694 5000
4694 4695 4999
4695 4696 5000
4696 4697 4999
4697 4698 5000
4698 4699 4999
4699 4700 5000
4700 4701 4999
4701 4702 5000
4702 4703 4999
4703 4704 5000
4704 4705 4999
4705 4706 5000
4706 4707 4999
4707 4708 5000
4708 4709 4999
4709 4710 5000
4710 4711 4999
4711 4712 5000
4712 4713 4999
4713 4714 5000
4714 4715 4999
4715 4716 5000
4716 4717 4999
4717 4718 5000
4718 4719 4999
4719 4720 5000
4720 4721 4999
4721 4722 5000
4722 4723 4999
4723 4724 5000
4724 4725 4999
4725 4726 5000
4726 4727 4999
4727 4728 5000
4728 4729 4999
4729 4730 5000
4730 4731 4999
4731 4732 5000
4732 4733 4999
4733 4734 5000
4734 4735 4999
4735 4736 5000
4736 4737 4999
4737 4738 5000
4738 4739 4999
4739 4740 5000
4740 4741 4999
4741 4742 5000
4742 4743 4999
4743 4744 5000
4744 4745 4999
4745 4746 5000
4746 4747 4999
4747 4748 5000
4748 4749 4999
4749 4750 5000
4750 4751 4999
4751 4752 5000
4752 4753 4999
4753 4754 5000
4754 4755 4999
4755 4756 5000
4756 4757 4999
4757 4758 5000
4758 4759 4999
4759 4760 5000
4760 4761 4999
4761 4762 5000
4762 4763 4999
4763 4764 5000
4764 4765 4999
4765 4766 5000
4766 4767 4999
4767 4768 5000
4768 4769 4999
4769 4770 5000
4770 4771 4999
4771 4772 5000
4772 4773 4999
4773 4774 5000
4774 4775 4999
4775 4776 5000
4776 4777 4999
4777 4778 5000
4778 4779 4999
4779 4780 5000
4780 4781 4999
4781 4782 5000
4782 4783 4999
4783 4784 5000
4784 4785 4999
4785 4786 5000
4786 4787 4999
4787 4788 5000
4788 4789 4999
4789 4790 5000
4790 4791 4999
4791 4792 5000
4792 4793 4999
4793 4794 5000
4794 4795 4999
4795 4796 5000
4796 4797 4999
4797 4798 5000
4798 4799 4999
4799 4800 5000
4800 4801 4999
4801 4802 5000
4802 4803 4999
4803 4804 5000
4804 4805 4999
4805 4806 5000
4806 4807 4999
4807 4808 5000
4808 4809 4999
4809 4810 5000
4810 4811 4999
4811 4812 5000
4812 4813 4999
4813 4814 5000
4814 4815 4999
4815 4816 5000
4816 4817 4999
4817 4818 5000
4818 4819 4999
4819 4820 5000
4820 4821 4999
4821 4822 5000
4822 4823 4999
4823 4824 5000
4824 4825 4999
4825 4826 5000
4826 4827 4999
4827 4828 5000
4828 4829 4999
4829 4830 5000
4830 4831 4999
4831 4832 5000
4832 4833 4999
4833 4834 5000
4834 4835 4999
4835 4836 5000
4836 4837 4999
4837 4838 5000
4838 4839 4999
4839 4840 5000
4840 4841 4999
4841 4842 5000
4842 4843 4999
4843 4844 5000
4844 4845 4999
4845 4846 5000
4846 4847 4999
4847 4848 5000
4848 4849 4999
4849 4850 5000
4850 4851 4999
4851 4852 5000
4852 4853 4999
4853 4854 5000
4854 4855 4999
4855 4856 5000
4856 4857 4999
4857 4858 5000
4858 4859 4999
4859 4860 5000
4860 4861 4999
4861 4862 5000
4862 4863 4999
4863 4864 5000
4864 4865 4999
4865 4866 5000
4866 4867 4999
4867 4868 5000
4868 4869 4999
4869 4870 5000
4870 4871 4999
4871 4872 5000
4872 4873 4999
4873 4874 5000
4874 4875 4999
4875 4876 5000
4876 4877 4999
4877 4878 5000
4878 4879 4999
4879 4880 5000
4880 4881 4999
4881 4882 5000
4882 4883 4999
4883 4884 5000
4884 4885 4999
4885 4886 5000
4886 4887 4999
4887 4888 5000
4888 4889 4999
4889 4890 5000
4890 4891 4999
4891 4892 5000
4892 4893 4999
4893 4894 5000
4894 4895 4999
4895 4896 5000
4896 4897 4999
4897 4898 5000
4898 4899 4999
4899 4900 5000
4900 4901 4999
4901 4902 5000
4902 4903 4999
4903 4904 5000
4904 4905 4999
4905 4906 5000
4906 4907 4999
4907 4908 5000
4908 4909 4999
4909 4910 5000
4910 4911 4999
4911 4912 5000
4912 4913 4999
4913 4914 5000
4914 4915 4999
4915 4916 5000
4916 4917 4999
4917 4918 5000
4918 4919 4999
4919 4920 5000
4920 4921 4999
4921 4922 5000
4922 4923 4999
4923 4924 5000
4924 4925 4999
4925 4926 5000
4926 4927 4999
4927 4928 5000
4928 4929 4999
4929 4930 5000
4930 4931 4999
4931 4932 5000
4932 4933 4999
4933 4934 5000
4934 4935 4999
4935 4936 5000
4936 4937 4999
4937 4938 5000
4938 4939 4999
4939 4940 5000
4940 4941 4999
4941 4942 5000
4942 4943 4999
4943 4944 5000
4944 4945 4999
4945 4946 5000
4946 4947 4999
4947 4948 5000
4948 4949 4999
4949 4950 5000
4950 4951 4999
4951 4952 5000
4952 4953 4999
4953 4954 5000
4954 4955 4999
4955 4956 5000
4956 4957 4999
4957 4958 5000
4958 4959 4999
4959 4960 5000
4960 4961 4999
4961 4962 5000
4962 4963 4999
4963 4964 5000
4964 4965 4999
4965 4966 5000
4966 4967 4999
4967 4968 5000
4968 4969 4999
4969 4970 5000
4970 4971 4999
4971 4972 5000
4972 4973 4999
4973 4974 5000
4974 4975 4999
4975 4976 5000
4976 4977 4999
4977 4978 5000
4978 4979 4999
4979 4980 5000
4980 4981 4999
4981 4982 5000
4982 4983 4999
4983 4984 5000
4984 4985 4999
4985 4986 5000
4986 4987 4999
4987 4988 5000
4988 4989 4999
4989 4990 5000
4990 4991 4999
4991 4992 5000
4992 4993 4999
4993 4994 5000
4994 4995 4999
4995 4996 5000
4996 4997 4999
4997 4998 5000
4998 4999 4999
4999 5000 5000
5000 5001 4999
5001 5002 5000
5002 5003 4999
5003 5004 5000
5004 5005 4999
5005 5006 5000
5006 5007 4999
5007 5008 5000
5008 5009 4999
5009 5010 5000
5010 5011 4999
5011 5012 5000
5012 5013 4999
5013 5014 5000
5014 5015 4999
5015 5016 5000
5016 5017 4999
5017 5018 5000
5018 5019 4999
5019 5020 5000
5020 5021 4999
5021 5022 5000
5022 5023 4999
5023 5024 5000
5024 5025 4999
5025 5026 5000
5026 5027 4999
5027 5028 5000
5028 5029 4999
5029 5030 5000
5030 5031 4999
5031 5032 5000
5032 5033 4999
5033 5034 5000
5034 5035 4999
5035 5036 5000
5036 5037 4999
5037 5038 5000
5038 5039 4999
5039 5040 5000
5040 5041 4999
5041 5042 5000
5042 5043 4999
5043 5044 5000
5044 5045 4999
5045 5046 5000
5046 5047 4999
5047 5048 5000
5048 5049 4999
5049 5050 5000
5050 5051 4999
5051 5052 5000
5052 5053 4999
5053 5054 5000
5054 5055 4999
5055 5056 5000
5056 5057 4999
5057 5058 5000
5058 5059 4999
5059 5060 5000
5060 5061 4999
5061 5062 5000
5062 5063 4999
5063 5064 5000
5064 5065 4999
5065 5066 5000
5066 5067 4999
5067 5068 5000
5068 5069 4999
5069 5070 5000
5070 5071 4999
5071 5072 5000
5072 5073 4999
5073 5074 5000
5074 5075 4999
5075 5076 5000
5076 5077 4999
5077 5078 5000
5078 5079 4999
5079 5080 5000
5080 5081 4999
5081 5082 5000
5082 5083 4999
5083 5084 5000
5084 5085 4999
5085 5086 5000
5086 5087 4999
5087 5088 5000
5088 5089 4999
5089 5090 5000
5090 5091 4999
5091 5092 5000
5092 5093 4999
5093 5094 5000
5094 5095 4999
5095 5096 5000
5096 5097 4999
5097 5098 5000
5098 5099 4999
5099 5100 5000
5100 5101 4999
5101 5102 5000
5102 5103 4999
5103 5104 5000
5104 5105 4999
5105 5106 5000
5106 5107 4999
5107 5108 5000
5108 5109 4999
5109 5110 5000
5110 5111 4999
5111 5112 5000
5112 5113 4999
5113 5114 5000
5114 5115 4999
5115 5116 5000
5116 5117 4999
5117 5118 5000
5118 5119 4999
5119 5120 5000
5120 5121 4999
5121 5122 5000
5122 5123 4999
5123 5124 5000
5124 5125 4999
5125 5126 5000
5126 5127 4999
5127 5128 5000
5128 5129 4999
5129 5130 5000
5130 5131 4999
5131 5132 5000
5132 5133 4999
5133 5134 5000
5134 5135 4999
5135 5136 5000
5136 5137 4999
5137 5138 5000
5138 5139 4999
5139 5140 5000
5140 5141 4999
5141 5142 5000
5142 5143 4999
5143 5144 5000
5144 5145 4999
5145 5146 5000
5146 5147 4999
5147 5148 5000
5148 5149 4999
5149 5150 5000
5150 5151 4999
5151 5152 5000
5152 5153 4999
5153 5154 5000
5154 5155 4999
5155 5156 5000
5156 5157 4999
5157 5158 5000
5158 5159 4999
5159 5160 5000
5160 5161 4999
5161 5162 5000
5162 5163 4999
5163 5164 5000
5164 5165 4999
5165 5166 5000
5166 5167 4999
5167 5168 5000
5168 5169 4999
5169 5170 5000
5170 5171 4999
5171 5172 5000
5172 5173 4999
5173 5174 5000
5174 5175 4999
5175 5176 5000
5176 5177 4999
5177 5178 5000
5178 5179 4999
5179 5180 5000
5180 5181 4999
5181 5182 5000
5182 5183 4999
5183 5184 5000
5184 5185 4999
5185 5186 5000
5186 5187 4999
5187 5188 5000
5188 5189 4999
5189 5190 5000
5190 5191 4999
5191 5192 5000
5192 5193 4999
5193 5194 5000
5194 5195 4999
5195 5196 5000
5196 5197 4999
5197 5198 5000
5198 5199 4999
5199 5200 5000
5200 5201 4999
5201 5202 5000
5202 5203 4999
5203 5204 5000
5204 5205 4999
5205 5206 5000
5206 5207 4999
5207 5208 5000
5208 5209 4999
5209 5210 5000
5210 5211 4999
5211 5212 5000
5212 5213 4999
5213 5214 5000
5214 5215 4999
5215 5216 5000
5216 5217 4999
5217 5218 5000
5218 5219 4999
5219 5220 5000
5220 5221 4999
5221 5222 5000
5222 5223 4999
5223 5224 5000
5224 5225 4999
5225 5226 5000
5226 5227 4999
5227 5228 5000
5228 5229 4999
5229 5230 5000
5230 5231 4999
5231 5232 5000
5232 5233 4999
5233 5234 5000
5234 5235 4999
5235 5236 5000
5236 5237 4999
5237 5238 5000
5238 5239 4999
5239 5240 5000
5240 5241 4999
5241 5242 5000
5242 5243 4999
5243 5244 5000
5244 5245 4999
5245 5246 5000
5246 5247 4999
5247 5248 5000
5248 5249 4999
5249 5250 5000
5250 5251 4999
5251 5252 5000
5252 5253 4999
5253 5254 5000
5254 5255 4999
5255 5256 5000
5256 5257 4999
5257 5258 5000
5258 5259 4999
5259 5260 5000
5260 5261 4999
5261 5262 5000
5262 5263 4999
5263 5264 5000
5264 5265 4999
5265 5266 5000
5266 5267 4999
5267 5268 5000
5268 5269 4999
5269 5270 5000
5270 5271 4999
5271 5272 5000
5272 5273 4999
5273 5274 5000
5274 5275 4999
5275 5276 5000
5276 5277 4999
5277 5278 5000
5278 5279 4999
5279 5280 5000
5280 5281 4999
5281 5282 5000
5282 5283 4999
5283 5284 5000
5284 5285 4999
5285 5286 5000
5286 5287 4999
5287 5288 5000
5288 5289 4999
5289 5290 5000
5290 5291 4999
5291 5292 5000
5292 5293 4999
5293 5294 5000
5294 5295 4999
5295 5296 5000
5296 5297 4999
5297 5298 5000
5298 5299 4999
5299 5300 5000
5300 5301 4999
5301 5302 5000
5302 5303 4999
5303 5304 5000
5304 5305 4999
5305 5306 5000
5306 5307 4999
5307 5308 5000
5308 5309 4999
5309 5310 5000
5310 5311 4999
5311 5312 5000
5312 5313 4999
5313 5314 5000
5314 5315 4999
5315 5316 5000
5316 5317 4999
5317 5318 5000
5318 5319 4999
5319 5320 5000
5320 5321 4999
5321 5322 5000
5322 5323 4999
5323 5324 5000
5324 5325 4999
5325 5326 5000
5326 5327 4999
5327 5328 5000
5328 5329 4999
5329 5330 5000
5330 5331 4999
5331 5332 5000
5332 5333 4999
5333 5334 5000
5334 5335 4999
5335 5336 5000
5336 5337 4999
5337 5338 5000
5338 5339 4999
5339 5340 5000
5340 5341 4999
5341 5342 5000
5342 5343 4999
5343 5344 5000
5344 5345 4999
5345 5346 5000
5346 5347 4999
5347 5348 5000
5348 5349 4999
5349 5350 5000
5350 5351 4999
5351 5352 5000
5352 5353 4999
5353 5354 5000
5354 5355 4999
5355 5356 5000
5356 5357 4999
5357 5358 5000
5358 5359 4999
5359 5360 5000
5360 5361 4999
5361 5362 5000
5362 5363 4999
5363 5364 5000
5364 5365 4999
5365 5366 5000
5366 5367 4999
5367 5368 5000
5368 5369 4999
5369 5370 5000
5370 5371 4999
5371 5372 5000
5372 5373 4999
5373 5374 5000
5374 5375 4999
5375 5376 5000
5376 5377 4999
5377 5378 5000
5378 5379 4999
5379 5380 5000
5380 5381 4999
5381 5382 5000
5382 5383 4999
5383 5384 5000
5384 5385 4999
5385 5386 5000
5386 5387 4999
5387 5388 5000
5388 5389 4999
5389 5390 5000
5390 5391 4999
5391 5392 5000
5392 5393 4999
5393 5394 5000
5394 5395 4999
5395 5396 5000
5396 5397 4999
5397 5398 5000
5398 5399 4999
5399 5400 5000
5400 5401 4999
5401 5402 5000
5402 5403 4999
5403 5404 5000
5404 5405 4999
5405 5406 5000
5406 5407 4999
5407 5408 5000
5408 5409 4999
5409 5410 5000
5410 5411 4999
5411 5412 5000
5412 5413 4999
5413 5414 5000
5414 5415 4999
5415 5416 5000
5416 5417 4999
5417 5418 5000
5418 5419 4999
5419 5420 5000
5420 5421 4999
5421 5422 5000
5422 5423 4999
5423 5424 5000
5424 5425 4999
5425 5426 5000
5426 5427 4999
5427 5428 5000
5428 5429 4999
5429 5430 5000
5430 5431 4999
5431 5432 5000
5432 5433 4999
5433 5434 5000
5434 5435 4999
5435 5436 5000
5436 5437 4999
5437 5438 5000
5438 5439 4999
5439 5440 5000
5440 5441 4999
5441 5442 5000
5442 5443 4999
5443 5444 5000
5444 5445 4999
5445 5446 5000
5446 5447 4999
5447 5448 5000
5448 5449 4999
5449 5450 5000
5450 5451 4999
5451 5452 5000
5452 5453 4999
5453 5454 5000
5454 5455 4999
5455 5456 5000
5456 5457 4999
5457 5458 5000
5458 5459 4999
5459 5460 5000
5460 5461 4999
5461 5462 5000
5462 5463 4999
5463 5464 5000
5464 5465 4999
5465 5466 5000
5466 5467 4999
5467 5468 5000
5468 5469 4999
5469 5470 5000
5470 5471 4999
5471 5472 5000
5472 5473 4999
5473 5474 5000
5474 5475 4999
5475 5476 5000
5476 5477 4999
5477 5478 5000
5478 5479 4999
5479 5480 5000
5480 5481 4999
5481 5482 5000
5482 5483 4999
5483 5484 5000
5484 5485 4999
5485 5486 5000
5486 5487 4999
5487 5488 5000
5488 5489 4999
5489 5490 5000
5490 5491 4999
5491 5492 5000
5492 5493 4999
5493 5494 5000
5494 5495 4999
5495 5496 5000
5496 5497 4999
5497 5498 5000
5498 5499 4999
5499 5500 5000
5500 5501 4999
5501 5502 5000
5502 5503 4999
5503 5504 5000
5504 5505 4999
5505 5506 5000
5506 5507 4999
5507 5508 5000
5508 5509 4999
5509 5510 5000
5510 5511 4999
5511 5512 5000
5512 5513 4999
5513 5514 5000
5514 5515 4999
5515 5516 5000
5516 5517 4999
5517 5518 5000
5518 5519 4999
5519 5520 5000
5520 5521 4999
5521 5522 5000
5522 5523 4999
5523 5524 5000
5524 5525 4999
5525 5526 5000
5526 5527 4999
5527 5528 5000
5528 5529 4999
5529 5530 5000
5530 5531 4999
5531 5532 5000
5532 5533 4999
5533 5534 5000
5534 5535 4999
5535 5536 5000
5536 5537 4999
5537 5538 5000
5538 5539 4999
5539 5540 5000
5540 5541 4999
5541 5542 5000
5542 5543 4999
5543 5544 5000
5544 5545 4999
5545 5546 5000
5546 5547 4999
5547 5548 5000
5548 5549 4999
5549 5550 5000
5550 5551 4999
5551 5552 5000
5552 5553 4999
5553 5554 5000
5554 5555 4999
5555 5556 5000
5556 5557 4999
5557 5558 5000
5558 5559 4999
5559 5560 5000
5560 5561 4999
5561 5562 5000
5562 5563 4999
5563 5564 5000
5564 5565 4999
5565 5566 5000
5566 5567 4999
5567 5568 5000
5568 5569 4999
5569 5570 5000
5570 5571 4999
5571 5572 5000
5572 5573 4999
5573 5574 5000
5574 5575 4999
5575 5576 5000
5576 5577 4999
5577 5578 5000
5578 5579 4999
5579 5580 5000
5580 5581 4999
5581 5582 5000
5582 5583 4999
5583 5584 5000
5584 5585 4999
5585 5586 5000
5586 5587 4999
5587 5588 5000
5588 5589 4999
5589 5590 5000
5590 5591 4999
5591 5592 5000
5592 5593 4999
5593 5594 5000
5594 5595 4999
5595 5596 5000
5596 5597 4999
5597 5598 5000
5598 5599 4999
5599 5600 5000
5600 5601 4999
5601 5602 5000
5602 5603 4999
5603 5604 5000
5604 5605 4999
5605 5606 5000
5606 5607 4999
5607 5608 5000
5608 5609 4999
5609 5610 5000
5610 5611 4999
5611 5612 5000
5612 5613 4999
5613 5614 5000
5614 5615 4999
5615 5616 5000
5616 5617 4999
5617 5618 5000
5618 5619 4999
5619 5620 5000
5620 5621 4999
5621 5622 5000
5622 5623 4999
5623 5624 5000
5624 5625 4999
5625 5626 5000
5626 5627 4999
5627 5628 5000
5628 5629 4999
5629 5630 5000
5630 5631 4999
5631 5632 5000
5632 5633 4999
5633 5634 5000
5634 5635 4999
5635 5636 5000
5636 5637 4999
5637 5638 5000
5638 5639 4999
5639 5640 5000
5640 5641 4999
5641 5642 5000
5642 5643 4999
5643 5644 5000
5644 5645 4999
5645 5646 5000
5646 5647 4999
5647 5648 5000
5648 5649 4999
5649 5650 5000
5650 5651 4999
5651 5652 5000
5652 5653 4999
5653 5654 5000
5654 5655 4999
5655 5656 5000
5656 5657 4999
5657 5658 5000
5658 5659 4999
5659 5660 5000
5660 5661 4999
5661 5662 5000
5662 5663 4999
5663 5664 5000
5664 5665 4999
5665 5666 5000
5666 5667 4999
5667 5668 5000
5668 5669 4999
5669 5670 5000
5670 5671 4999
5671 5672 5000
5672 5673 4999
5673 5674 5000
5674 5675 4999
5675 5676 5000
5676 5677 4999
5677 5678 5000
5678 5679 4999
5679 5680 5000
5680 5681 4999
5681 5682 5000
5682 5683 4999
5683 5684 5000
5684 5685 4999
5685 5686 5000
5686 5687 4999
5687 5688 5000
5688 5689 4999
5689 5690 5000
5690 5691 4999
5691 5692 5000
5692 5693 4999
5693 5694 5000
5694 5695 4999
5695 5696 5000
5696 5697 4999
5697 5698 5000
5698 5699 4999
5699 5700 5000
5700 5701 4999
5701 5702 5000
5702 5703 4999
5703 5704 5000
5704 5705 4999
5705 5706 5000
5706 5707 4999
5707 5708 5000
5708 5709 4999
5709 5710 5000
5710 5711 4999
5711 5712 5000
5712 5713 4999
5713 5714 5000
5714 5715 4999
5715 5716 5000
5716 5717 4999
5717 5718 5000
5718 5719 4999
5719 5720 5000
5720 5721 4999
5721 5722 5000
5722 5723 4999
5723 5724 5000
5724 5725 4999
5725 5726 5000
5726 5727 4999
5727 5728 5000
5728 5729 4999
5729 5730 5000
5730 5731 4999
5731 5732 5000
5732 5733 4999
5733 5734 5000
5734 5735 4999
5735 5736 5000
5736 5737 4999
5737 5738 5000
5738 5739 4999
5739 5740 5000
5740 5741 4999
5741 5742 5000
5742 5743 4999
5743 5744 5000
5744 5745 4999
5745 5746 5000
5746 5747 4999
5747 5748 5000
5748 5749 4999
5749 5750 5000
5750 5751 4999
5751 5752 5000
5752 5753 4999
5753 5754 5000
5754 5755 4999
5755 5756 5000
5756 5757 4999
5757 5758 5000
5758 5759 4999
5759 5760 5000
5760 5761 4999
5761 5762 5000
5762 5763 4999
5763 5764 5000
5764 5765 4999
5765 5766 5000
5766 5767 4999
5767 5768 5000
5768 5769 4999
5769 5770 5000
5770 5771 4999
5771 5772 5000
5772 5773 4999
5773 5774 5000
5774 5775 4999
5775 5776 5000
5776 5777 4999
5777 5778 5000
5778 5779 4999
5779 5780 5000
5780 5781 4999
5781 5782 5000
5782 5783 4999
5783 5784 5000
5784 5785 4999
5785 5786 5000
5786 5787 4999
5787 5788 5000
5788 5789 4999
5789 5790 5000
5790 5791 4999
5791 5792 5000
5792 5793 4999
5793 5794 5000
5794 5795 4999
5795 5796 5000
5796 5797 4999
5797 5798 5000
5798 5799 4999
5799 5800 5000
5800 5801 4999
5801 5802 5000
5802 5803 4999
5803 5804 5000
5804 5805 4999
5805 5806 5000
5806 5807 4999
5807 5808 5000
5808 5809 4999
5809 5810 5000
5810 5811 4999
5811 5812 5000
5812 5813 4999
5813 5814 5000
5814 5815 4999
5815 5816 5000
5816 5817 4999
5817 5818 5000
5818 5819 4999
5819 5820 5000
5820 5821 4999
5821 5822 5000
5822 5823 4999
5823 5824 5000
5824 5825 4999
5825 5826 5000
5826 5827 4999
5827 5828 5000
5828 5829 4999
5829 5830 5000
5830 5831 4999
5831 5832 5000
5832 5833 4999
5833 5834 5000
5834 5835 4999
5835 5836 5000
5836 5837 4999
5837 5838 5000
5838 5839 4999
5839 5840 5000
5840 5841 4999
5841 5842 5000
5842 5843 4999
5843 5844 5000
5844 5845 4999
5845 5846 5000
5846 5847 4999
5847 5848 5000
5848 5849 4999
5849 5850 5000
5850 5851 4999
5851 5852 5000
5852 5853 4999
5853 5854 5000
5854 5855 4999
5855 5856 5000
5856 5857 4999
5857 5858 5000
5858 5859 4999
5859 5860 5000
5860 5861 4999
5861 5862 5000
5862 5863 4999
5863 5864 5000
5864 5865 4999
5865 5866 5000
5866 5867 4999
5867 5868 5000
5868 5869 4999
5869 5870 5000
5870 5871 4999
5871 5872 5000
5872 5873 4999
5873 5874 5000
5874 5875 4999
5875 5876 5000
5876 5877 4999
5877 5878 5000
5878 5879 4999
5879 5880 5000
5880 5881 4999
5881 5882 5000
5882 5883 4999
5883 5884 5000
5884 5885 4999
5885 5886 5000
5886 5887 4999
5887 5888 5000
5888 5889 4999
5889 5890 5000
5890 5891 4999
5891 5892 5000
5892 5893 4999
5893 5894 5000
5894 5895 4999
5895 5896 5000
5896 5897 4999
5897 5898 5000
5898 5899 4999
5899 5900 5000
5900 5901 4999
5901 5902 5000
5902 5903 4999
5903 5904 5000
5904 5905 4999
5905 5906 5000
5906 5907 4999
5907 5908 5000
5908 5909 4999
5909 5910 5000
5910 5911 4999
5911 5912 5000
5912 5913 4999
5913 5914 5000
5914 5915 4999
5915 5916 5000
5916 5917 4999
5917 5918 5000
5918 5919 4999
5919 5920 5000
5920 5921 4999
5921 5922 5000
5922 5923 4999
5923 5924 5000
5924 5925 4999
5925 5926 5000
5926 5927 4999
5927 5928 5000
5928 5929 4999
5929 5930 5000
5930 5931 4999
5931 5932 5000
5932 5933 4999
5933 5934 5000
5934 5935 4999
5935 5936 5000
5936 5937 4999
5937 5938 5000
5938 5939 4999
5939 5940 5000
5940 5941 4999
5941 5942 5000
5942 5943 4999
5943 5944 5000
5944 5945 4999
5945 5946 5000
5946 5947 4999
5947 5948 5000
5948 5949 4999
5949 5950 5000
5950 5951 4999
5951 5952 5000
5952 5953 4999
5953 5954 5000
5954 5955 4999
5955 5956 5000
5956 5957 4999
5957 5958 5000
5958 5959 4999
5959 5960 5000
5960 5961 4999
5961 5962 5000
5962 5963 4999
5963 5964 5000
5964 5965 4999
5965 5966 5000
5966 5967 4999
5967 5968 5000
5968 5969 4999
5969 5970 5000
5970 5971 4999
5971 5972 5000
5972 5973 4999
5973 5974 5000
5974 5975 4999
5975 5976 5000
5976 5977 4999
5977 5978 5000
5978 5979 4999
5979 5980 5000
5980 5981 4999
5981 5982 5000
5982 5983 4999
5983 5984 5000
5984 5985 4999
5985 5986 5000
5986 5987 4999
5987 5988 5000
5988 5989 4999
5989 5990 5000
5990 5991 4999
5991 5992 5000
5992 5993 4999
5993 5994 5000
5994 5995 4999
5995 5996 5000
5996 5997 4999
5997 5998 5000
5998 5999 4999
5999 6000 5000
