1
6000
1 2 4995
2 3 4994
3 4 4996
4 5 4995
5 6 4999
6 7 4990
7 8 4999
8 9 4996
9 10 4990
10 11 4993
11 12 4999
12 13 4994
13 14 4997
14 15 4990
15 16 5000
16 17 4993
17 18 4990
18 19 4998
19 20 4994
20 21 4998
21 22 4996
22 23 4992
23 24 4991
24 25 4999
25 26 4995
26 27 4990
27 28 4995
28 29 4996
29 30 4999
30 31 4996
31 32 4999
32 33 4991
33 34 4991
34 35 4996
35 36 4994
36 37 4993
37 38 4990
38 39 4992
39 40 4991
40 41 5000
41 42 4998
42 43 4995
43 44 4997
44 45 4996
45 46 4999
46 47 4994
47 48 5000
48 49 5000
49 50 4992
50 51 4993
51 52 4990
52 53 4993
53 54 4995
54 55 4990
55 56 4993
56 57 4995
57 58 4995
58 59 4993
59 60 4993
60 61 4994
61 62 4995
62 63 4998
63 64 4992
64 65 4997
65 66 4990
66 67 4998
67 68 4999
68 69 4997
69 70 4990
70 71 4992
71 72 4998
72 73 4997
73 74 4998
74 75 4998
75 76 4999
76 77 4998
77 78 4992
78 79 4993
79 80 4993
80 81 4997
81 82 4992
82 83 4991
83 84 4998
84 85 4995
85 86 4991
86 87 4991
87 88 4994
88 89 4993
89 90 4996
90 91 4993
91 92 4998
92 93 4996
93 94 4990
94 95 5000
95 96 4999
96 97 4994
97 98 4998
98 99 4998
99 100 4990
100 101 4997
101 102 4993
102 103 5000
103 104 4993
104 105 4992
105 106 4999
106 107 4994
107 108 4994
108 109 4991
109 110 4992
110 111 4997
111 112 4999
112 113 4993
113 114 4992
114 115 4990
115 116 4994
116 117 4990
117 118 4992
118 119 5000
119 120 4997
120 121 4998
121 122 4992
122 123 4994
123 124 5000
124 125 4999
125 126 4994
126 127 4998
127 128 4999
128 129 4990
129 130 4997
130 131 4998
131 132 4999
132 133 4990
133 134 4994
134 135 4992
135 136 4990
136 137 4993
137 138 4993
138 139 4994
139 140 4993
140 141 5000
141 142 5000
142 143 4992
143 144 4996
144 145 4998
145 146 4997
146 147 4993
147 148 4992
148 149 4999
149 150 4995
150 151 5000
151 152 4995
152 153 4990
153 154 4999
154 155 4990
155 156 4991
156 157 4996
157 158 4995
158 159 4999
159 160 4994
160 161 4997
161 162 4994
162 163 4993
163 164 4999
164 165 4994
165 166 4994
166 167 4994
167 168 4998
168 169 4997
169 170 4995
170 171 4992
171 172 4995
172 173 4991
173 174 4999
174 175 4999
175 176 4999
176 177 4990
177 178 4993
178 179 4991
179 180 4998
180 181 4991
181 182 4993
182 183 4990
183 184 4994
184 185 4997
185 186 4995
186 187 4996
187 188 5000
188 189 5000
189 190 4995
190 191 4991
191 192 4997
192 193 4999
193 194 4999
194 195 4993
195 196 4997
196 197 4996
197 198 4991
198 199 4990
199 200 4997
200 201 5000
201 202 4999
202 203 4995
203 204 4991
204 205 4995
205 206 4992
206 207 4991
207 208 4991
208 209 4993
209 210 4996
210 211 5000
211 212 4999
212 213 4999
213 214 4995
214 215 4999
215 216 4990
216 217 4991
217 218 5000
218 219 4990
219 220 4995
220 221 4994
221 222 4999
222 223 4996
223 224 4998
224 225 4999
225 226 4990
226 227 4996
227 228 4998
228 229 4997
229 230 4996
230 231 4994
231 232 4998
232 233 5000
233 234 4996
234 235 4999
235 236 4992
236 237 4998
237 238 4991
238 239 4996
239 240 4991
240 241 4997
241 242 4990
242 243 4997
243 244 4993
244 245 4998
245 246 4995
246 247 4999
247 248 5000
248 249 4990
249 250 4994
250 251 4998
251 252 4991
252 253 4997
253 254 5000
254 255 5000
255 256 4995
256 257 4996
257 258 5000
258 259 4999
259 260 4993
260 261 4994
261 262 4994
262 263 4998
263 264 4999
264 265 4991
265 266 4995
266 267 4997
267 268 4993
268 269 4999
269 270 4991
270 271 4991
271 272 5000
272 273 4993
273 274 4994
274 275 4994
275 276 4990
276 277 4993
277 278 5000
278 279 4994
279 280 4991
280 281 4999
281 282 4990
282 283 4993
283 284 4992
284 285 4993
285 286 4990
286 287 4999
287 288 4995
288 289 4991
289 290 4994
290 291 4997
291 292 4998
292 293 4991
293 294 4990
294 295 4994
295 296 4995
296 297 4996
297 298 4997
298 299 4991
299 300 4999
300 301 4991
301 302 4996
302 303 4991
303 304 4996
304 305 4991
305 306 4999
306 307 4994
307 308 4995
308 309 4991
309 310 4994
310 311 4992
311 312 4999
312 313 4991
313 314 4996
314 315 4991
315 316 4997
316 317 4997
317 318 4992
318 319 4995
319 320 4992
320 321 4996
321 322 4993
322 323 4999
323 324 4990
324 325 4993
325 326 4995
326 327 5000
327 328 4998
328 329 4990
329 330 4996
330 331 4999
331 332 4995
332 333 4996
333 334 4994
334 335 4994
335 336 4991
336 337 4993
337 338 4991
338 339 4997
339 340 4990
340 341 4995
341 342 4992
342 343 4994
343 344 4995
344 345 4998
345 346 4999
346 347 4995
347 348 5000
348 349 4992
349 350 5000
350 351 4994
351 352 4991
352 353 4994
353 354 5000
354 355 4999
355 356 4990
356 357 4991
357 358 4992
358 359 4997
359 360 4991
360 361 4999
361 362 4991
362 363 4998
363 364 4995
364 365 4993
365 366 4996
366 367 4996
367 368 4993
368 369 5000
369 370 4990
370 371 4994
371 372 4990
372 373 4990
373 374 4996
374 375 4990
375 376 4999
376 377 4994
377 378 4997
378 379 4992
379 380 4994
380 381 4999
381 382 4990
382 383 4991
383 384 4999
384 385 4997
385 386 4998
386 387 4991
387 388 4990
388 389 4996
389 390 4999
390 391 4998
391 392 4996
392 393 4998
393 394 4994
394 395 4996
395 396 4990
396 397 5000
397 398 4996
398 399 4994
399 400 4991
400 401 4995
401 402 4996
402 403 4990
403 404 4999
404 405 4991
405 406 4993
406 407 4991
407 408 4996
408 409 4996
409 410 4995
410 411 4990
411 412 4998
412 413 4993
413 414 4994
414 415 4991
415 416 4990
416 417 4992
417 418 4995
418 419 4998
419 420 4995
420 421 5000
421 422 4990
422 423 4993
423 424 4997
424 425 4994
425 426 4999
426 427 4992
427 428 5000
428 429 5000
429 430 4991
430 431 4998
431 432 4991
432 433 4992
433 434 4991
434 435 5000
435 436 4992
436 437 5000
437 438 4998
438 439 4996
439 440 4999
440 441 4993
441 442 4996
442 443 4994
443 444 4993
444 445 4994
445 446 4993
446 447 4994
447 448 4991
448 449 4990
449 450 4994
450 451 4996
451 452 4991
452 453 5000
453 454 4995
454 455 4991
455 456 4998
456 457 4999
457 458 4990
458 459 4992
459 460 4997
460 461 4995
461 462 4991
462 463 4998
463 464 4993
464 465 4994
465 466 4999
466 467 4997
467 468 4994
468 469 4990
469 470 5000
470 471 4995
471 472 4996
472 473 4991
473 474 4993
474 475 4998
475 476 4998
476 477 4997
477 478 4990
478 479 4993
479 480 4992
480 481 4996
481 482 4997
482 483 4993
483 484 5000
484 485 4992
485 486 4992
486 487 5000
487 488 4998
488 489 4999
489 490 4998
490 491 4993
491 492 4995
492 493 4992
493 494 5000
494 495 5000
495 496 4995
496 497 4990
497 498 4994
498 499 4998
499 500 4998
500 501 4999
501 502 4992
502 503 5000
503 504 4996
504 505 4998
505 506 4992
506 507 4994
507 508 4993
508 509 4997
509 510 4998
510 511 4991
511 512 4997
512 513 4994
513 514 4995
514 515 4990
515 516 4994
516 517 4997
517 518 4997
518 519 4999
519 520 4999
520 521 4991
521 522 4993
522 523 4997
523 524 4992
524 525 4997
525 526 4998
526 527 4992
527 528 4990
528 529 4994
529 530 4999
530 531 4990
531 532 4991
532 533 4995
533 534 4990
534 535 4995
535 536 4995
536 537 4996
537 538 4995
538 539 4997
539 540 5000
540 541 5000
541 542 4995
542 543 4999
543 544 4998
544 545 4999
545 546 4992
546 547 4993
547 548 4993
548 549 4993
549 550 4995
550 551 4999
551 552 4997
552 553 4991
553 554 4991
554 555 4991
555 556 4996
556 557 4993
557 558 4997
558 559 4991
559 560 4994
560 561 4990
561 562 4997
562 563 4997
563 564 4997
564 565 4994
565 566 4998
566 567 4995
567 568 4999
568 569 4993
569 570 4991
570 571 4999
571 572 5000
572 573 4994
573 574 4997
574 575 4999
575 576 4997
576 577 4996
577 578 4993
578 579 5000
579 580 4996
580 581 4992
581 582 4994
582 583 4997
583 584 4996
584 585 5000
585 586 4997
586 587 4996
587 588 4993
588 589 4998
589 590 4991
590 591 5000
591 592 4998
592 593 4996
593 594 4996
594 595 4991
595 596 4993
596 597 4990
597 598 4996
598 599 5000
599 600 4992
600 601 4997
601 602 4991
602 603 4995
603 604 4997
604 605 4995
605 606 4991
606 607 4993
607 608 4993
608 609 4991
609 610 4992
610 611 4995
611 612 4999
612 613 5000
613 614 5000
614 615 4992
615 616 4994
616 617 4992
617 618 4998
618 619 4993
619 620 4999
620 621 4996
621 622 4998
622 623 4993
623 624 5000
624 625 4995
625 626 4990
626 627 4995
627 628 5000
628 629 5000
629 630 4999
630 631 4996
631 632 4995
632 633 4992
633 634 4994
634 635 5000
635 636 4993
636 637 4993
637 638 4999
638 639 4997
639 640 4997
640 641 4999
641 642 4999
642 643 4997
643 644 5000
644 645 4990
645 646 4999
646 647 4992
647 648 4998
648 649 4998
649 650 4999
650 651 4992
651 652 4997
652 653 4999
653 654 4997
654 655 4994
655 656 4990
656 657 4990
657 658 4999
658 659 4995
659 660 4990
660 661 4992
661 662 4996
662 663 4993
663 664 4994
664 665 4999
665 666 4999
666 667 5000
667 668 4994
668 669 4995
669 670 4997
670 671 4991
671 672 4994
672 673 4992
673 674 4999
674 675 4992
675 676 4999
676 677 4995
677 678 4991
678 679 4996
679 680 4994
680 681 4990
681 682 4994
682 683 4991
683 684 4995
684 685 4993
685 686 4990
686 687 4993
687 688 4996
688 689 4999
689 690 4999
690 691 5000
691 692 4998
692 693 4992
693 694 4992
694 695 4990
695 696 5000
696 697 4995
697 698 4998
698 699 4997
699 700 4992
700 701 4999
701 702 4995
702 703 4998
703 704 4998
704 705 4991
705 706 4992
706 707 4995
707 708 4998
708 709 4993
709 710 4990
710 711 4992
711 712 4990
712 713 5000
713 714 5000
714 715 4998
715 716 4996
716 717 4997
717 718 4993
718 719 4991
719 720 4998
720 721 4994
721 722 4999
722 723 4995
723 724 4996
724 725 4993
725 726 4993
726 727 4999
727 728 4990
728 729 4990
729 730 4991
730 731 4997
731 732 4994
732 733 5000
733 734 4990
734 735 5000
735 736 4990
736 737 5000
737 738 4990
738 739 4992
739 740 4991
740 741 4993
741 742 4999
742 743 4998
743 744 4990
744 745 4994
745 746 4995
746 747 4999
747 748 4995
748 749 4995
749 750 4990
750 751 4995
751 752 4994
752 753 4999
753 754 4990
754 755 4993
755 756 4997
756 757 5000
757 758 4994
758 759 4994
759 760 4995
760 761 4990
761 762 4991
762 763 4991
763 764 4999
764 765 4990
765 766 4995
766 767 4999
767 768 5000
768 769 4998
769 770 4997
770 771 4997
771 772 4997
772 773 5000
773 774 4990
774 775 4997
775 776 4992
776 777 4993
777 778 5000
778 779 4993
779 780 4997
780 781 4992
781 782 5000
782 783 4995
783 784 4991
784 785 4995
785 786 4998
786 787 4995
787 788 4993
788 789 4999
789 790 4992
790 791 4997
791 792 4992
792 793 5000
793 794 4997
794 795 4994
795 796 4993
796 797 4990
797 798 4998
798 799 4998
799 800 4995
800 801 4997
801 802 4993
802 803 4995
803 804 5000
804 805 4994
805 806 4996
806 807 4995
807 808 4991
808 809 4998
809 810 4996
810 811 5000
811 812 4997
812 813 4990
813 814 4993
814 815 4991
815 816 4993
816 817 4993
817 818 5000
818 819 4994
819 820 5000
820 821 4990
821 822 4992
822 823 4995
823 824 4999
824 825 4996
825 826 4998
826 827 4994
827 828 4992
828 829 4999
829 830 4994
830 831 4993
831 832 4993
832 833 4999
833 834 4999
834 835 4991
835 836 4999
836 837 4996
837 838 4995
838 839 4997
839 840 5000
840 841 4998
841 842 4999
842 843 4992
843 844 4995
844 845 5000
845 846 4998
846 847 5000
847 848 4990
848 849 4997
849 850 5000
850 851 4993
851 852 4997
852 853 4990
853 854 4998
854 855 4994
855 856 4994
856 857 5000
857 858 5000
858 859 5000
859 860 4991
860 861 4998
861 862 4999
862 863 4994
863 864 4999
864 865 4993
865 866 4998
866 867 4997
867 868 4992
868 869 4993
869 870 4995
870 871 4991
871 872 4997
872 873 4991
873 874 4998
874 875 4993
875 876 5000
876 877 4997
877 878 4990
878 879 5000
879 880 5000
880 881 4991
881 882 4993
882 883 4990
883 884 4998
884 885 4995
885 886 4999
886 887 4998
887 888 4997
888 889 4995
889 890 4992
890 891 4993
891 892 4996
892 893 4995
893 894 5000
894 895 4997
895 896 5000
896 897 4996
897 898 4994
898 899 4991
899 900 4992
900 901 5000
901 902 5000
902 903 4993
903 904 4997
904 905 4998
905 906 4995
906 907 4996
907 908 4997
908 909 4996
909 910 4998
910 911 4991
911 912 4990
912 913 4996
913 914 5000
914 915 4999
915 916 4994
916 917 4991
917 918 5000
918 919 4999
919 920 4993
920 921 4997
921 922 4998
922 923 4996
923 924 4990
924 925 4994
925 926 5000
926 927 4990
927 928 4994
928 929 4990
929 930 5000
930 931 4994
931 932 5000
932 933 4995
933 934 4993
934 935 4996
935 936 4994
936 937 4994
937 938 4998
938 939 4991
939 940 4996
940 941 4992
941 942 4994
942 943 4993
943 944 4992
944 945 4995
945 946 4997
946 947 4997
947 948 5000
948 949 4990
949 950 4991
950 951 4994
951 952 4998
952 953 5000
953 954 4991
954 955 4991
955 956 4993
956 957 5000
957 958 4992
958 959 4996
959 960 4999
960 961 4992
961 962 4996
962 963 4993
963 964 5000
964 965 4990
965 966 4999
966 967 4991
967 968 5000
968 969 4995
969 970 4995
970 971 5000
971 972 4999
972 973 4990
973 974 4995
974 975 5000
975 976 4999
976 977 4995
977 978 4996
978 979 4990
979 980 4995
980 981 4995
981 982 4994
982 983 4990
983 984 4990
984 985 4998
985 986 4994
986 987 4992
987 988 4998
988 989 4993
989 990 4999
990 991 4996
991 992 4992
992 993 4996
993 994 4990
994 995 4993
995 996 4996
996 997 4995
997 998 5000
998 999 5000
999 1000 4994
1000 1001 4993
1001 1002 5000
1002 1003 4996
1003 1004 5000
1004 1005 4990
1005 1006 4998
1006 1007 4991
1007 1008 4993
1008 1009 4996
1009 1010 4992
1010 1011 4998
1011 1012 4995
1012 1013 4999
1013 1014 4996
1014 1015 4992
1015 1016 4998
1016 1017 4991
1017 1018 4996
1018 1019 4997
1019 1020 4998
1020 1021 4998
1021 1022 4997
1022 1023 4995
1023 1024 4991
1024 1025 4998
1025 1026 4994
1026 1027 4999
1027 1028 4999
1028 1029 4991
1029 1030 4999
1030 1031 4994
1031 1032 4998
1032 1033 4995
1033 1034 5000
1034 1035 4991
1035 1036 4994
1036 1037 5000
1037 1038 4998
1038 1039 4999
1039 1040 4990
1040 1041 4990
1041 1042 4995
1042 1043 4999
1043 1044 4990
1044 1045 4998
1045 1046 4993
1046 1047 4992
1047 1048 5000
1048 1049 4996
1049 1050 4996
1050 1051 4991
1051 1052 4998
1052 1053 4999
1053 1054 4992
1054 1055 4999
1055 1056 4990
1056 1057 4999
1057 1058 4991
1058 1059 5000
1059 1060 4998
1060 1061 4994
1061 1062 4992
1062 1063 4991
1063 1064 4998
1064 1065 4997
1065 1066 4991
1066 1067 4998
1067 1068 4995
1068 1069 4997
1069 1070 4999
1070 1071 4993
1071 1072 4994
1072 1073 4993
1073 1074 4994
1074 1075 4990
1075 1076 4997
1076 1077 4997
1077 1078 4997
1078 1079 5000
1079 1080 4995
1080 1081 4997
1081 1082 4996
1082 1083 4994
1083 1084 4993
1084 1085 4992
1085 1086 4992
1086 1087 4996
1087 1088 4998
1088 1089 4996
1089 1090 5000
1090 1091 4999
1091 1092 4997
1092 1093 4993
1093 1094 4992
1094 1095 4999
1095 1096 4997
1096 1097 4993
1097 1098 4993
1098 1099 4993
1099 1100 4999
1100 1101 4995
1101 1102 4998
1102 1103 4994
1103 1104 4995
1104 1105 4996
1105 1106 5000
1106 1107 4991
1107 1108 4991
1108 1109 4999
1109 1110 4997
1110 1111 4992
1111 1112 4992
1112 1113 4997
1113 1114 4992
1114 1115 4994
1115 1116 4995
1116 1117 4997
1117 1118 4990
1118 1119 4995
1119 1120 4993
1120 1121 4997
1121 1122 4992
1122 1123 4999
1123 1124 4990
1124 1125 4992
1125 1126 4999
1126 1127 4995
1127 1128 4999
1128 1129 4991
1129 1130 4995
1130 1131 4991
1131 1132 4994
1132 1133 4990
1133 1134 4994
1134 1135 4993
1135 1136 5000
1136 1137 4995
1137 1138 4998
1138 1139 5000
1139 1140 5000
1140 1141 4998
1141 1142 4999
1142 1143 4996
1143 1144 4996
1144 1145 4995
1145 1146 4992
1146 1147 5000
1147 1148 4996
1148 1149 4992
1149 1150 4997
1150 1151 4999
1151 1152 4997
1152 1153 4996
1153 1154 4993
1154 1155 4998
1155 1156 4996
1156 1157 4992
1157 1158 4993
1158 1159 4993
1159 1160 4996
1160 1161 4997
1161 1162 4995
1162 1163 5000
1163 1164 4992
1164 1165 4992
1165 1166 4996
1166 1167 4994
1167 1168 4991
1168 1169 4999
1169 1170 4991
1170 1171 5000
1171 1172 4992
1172 1173 4993
1173 1174 4996
1174 1175 4997
1175 1176 4997
1176 1177 4996
1177 1178 4998
1178 1179 4999
1179 1180 4991
1180 1181 4995
1181 1182 5000
1182 1183 5000
1183 1184 4998
1184 1185 4996
1185 1186 4996
1186 1187 4991
1187 1188 5000
1188 1189 4998
1189 1190 4995
1190 1191 4994
1191 1192 4992
1192 1193 4999
1193 1194 5000
1194 1195 4996
1195 1196 4994
1196 1197 4998
1197 1198 4998
1198 1199 4992
1199 1200 4991
1200 1201 4995
1201 1202 5000
1202 1203 4992
1203 1204 4990
1204 1205 4997
1205 1206 4995
1206 1207 4995
1207 1208 4996
1208 1209 4993
1209 1210 4993
1210 1211 4995
1211 1212 4998
1212 1213 4996
1213 1214 4997
1214 1215 5000
1215 1216 4995
1216 1217 4999
1217 1218 4998
1218 1219 4993
1219 1220 4997
1220 1221 4997
1221 1222 4996
1222 1223 4990
1223 1224 4993
1224 1225 4996
1225 1226 4991
1226 1227 4994
1227 1228 4999
1228 1229 4990
1229 1230 4995
1230 1231 5000
1231 1232 4998
1232 1233 4991
1233 1234 4996
1234 1235 4995
1235 1236 4999
1236 1237 4996
1237 1238 5000
1238 1239 4992
1239 1240 4991
1240 1241 4998
1241 1242 4990
1242 1243 4997
1243 1244 4992
1244 1245 4992
1245 1246 4997
1246 1247 4996
1247 1248 4991
1248 1249 4995
1249 1250 4992
1250 1251 5000
1251 1252 4992
1252 1253 4998
1253 1254 4991
1254 1255 4997
1255 1256 4999
1256 1257 4997
1257 1258 4999
1258 1259 4996
1259 1260 4997
1260 1261 5000
1261 1262 4994
1262 1263 4991
1263 1264 4993
1264 1265 4993
1265 1266 4991
1266 1267 4991
1267 1268 4999
1268 1269 4997
1269 1270 4995
1270 1271 4997
1271 1272 4993
1272 1273 5000
1273 1274 4997
1274 1275 5000
1275 1276 4991
1276 1277 5000
1277 1278 4990
1278 1279 4994
1279 1280 4991
1280 1281 4990
1281 1282 4993
1282 1283 4991
1283 1284 4992
1284 1285 4993
1285 1286 4997
1286 1287 4999
1287 1288 4993
1288 1289 5000
1289 1290 4997
1290 1291 4998
1291 1292 4999
1292 1293 4998
1293 1294 4999
1294 1295 5000
1295 1296 4999
1296 1297 4997
1297 1298 4994
1298 1299 4996
1299 1300 4995
1300 1301 4996
1301 1302 4995
1302 1303 5000
1303 1304 4994
1304 1305 4996
1305 1306 5000
1306 1307 4994
1307 1308 4992
1308 1309 4990
1309 1310 4994
1310 1311 4996
1311 1312 4997
1312 1313 4998
1313 1314 4992
1314 1315 4991
1315 1316 4993
1316 1317 4995
1317 1318 4991
1318 1319 4996
1319 1320 4992
1320 1321 4991
1321 1322 4991
1322 1323 4993
1323 1324 4998
1324 1325 4993
1325 1326 5000
1326 1327 4999
1327 1328 4997
1328 1329 4997
1329 1330 4993
1330 1331 4999
1331 1332 4994
1332 1333 4998
1333 1334 4993
1334 1335 4995
1335 1336 4997
1336 1337 4999
1337 1338 4999
1338 1339 4994
1339 1340 4994
1340 1341 4998
1341 1342 4993
1342 1343 4990
1343 1344 4992
1344 1345 5000
1345 1346 4992
1346 1347 4996
1347 1348 4991
1348 1349 4990
1349 1350 4994
1350 1351 4990
1351 1352 4991
1352 1353 4993
1353 1354 4998
1354 1355 4996
1355 1356 5000
1356 1357 4993
1357 1358 4998
1358 1359 4994
1359 1360 4995
1360 1361 4994
1361 1362 4996
1362 1363 4995
1363 1364 4990
1364 1365 5000
1365 1366 4991
1366 1367 4992
1367 1368 4992
1368 1369 4996
1369 1370 4996
1370 1371 4996
1371 1372 4997
1372 1373 5000
1373 1374 4993
1374 1375 4995
1375 1376 4990
1376 1377 4990
1377 1378 4991
1378 1379 4991
1379 1380 4990
1380 1381 4995
1381 1382 4990
1382 1383 4999
1383 1384 4992
1384 1385 4997
1385 1386 4990
1386 1387 4990
1387 1388 4993
1388 1389 4997
1389 1390 4990
1390 1391 4990
1391 1392 4991
1392 1393 4996
1393 1394 4991
1394 1395 4993
1395 1396 4990
1396 1397 4996
1397 1398 5000
1398 1399 4997
1399 1400 4999
1400 1401 4991
1401 1402 4992
1402 1403 4999
1403 1404 4990
1404 1405 4997
1405 1406 4992
1406 1407 5000
1407 1408 4991
1408 1409 4996
1409 1410 4995
1410 1411 4999
1411 1412 4998
1412 1413 4999
1413 1414 4997
1414 1415 4999
1415 1416 4997
1416 1417 4996
1417 1418 4997
1418 1419 4999
1419 1420 4998
1420 1421 4999
1421 1422 4994
1422 1423 4992
1423 1424 4998
1424 1425 5000
1425 1426 5000
1426 1427 4994
1427 1428 4997
1428 1429 4996
1429 1430 5000
1430 1431 4994
1431 1432 4992
1432 1433 4997
1433 1434 5000
1434 1435 4997
1435 1436 4995
1436 1437 4996
1437 1438 4994
1438 1439 4992
1439 1440 5000
1440 1441 4999
1441 1442 4993
1442 1443 4993
1443 1444 4990
1444 1445 4990
1445 1446 4997
1446 1447 4997
1447 1448 4997
1448 1449 4993
1449 1450 4993
1450 1451 4999
1451 1452 4991
1452 1453 5000
1453 1454 4999
1454 1455 4995
1455 1456 4993
1456 1457 4991
1457 1458 4997
1458 1459 4999
1459 1460 4997
1460 1461 4992
1461 1462 4995
1462 1463 4996
1463 1464 5000
1464 1465 4990
1465 1466 4998
1466 1467 4991
1467 1468 4991
1468 1469 4998
1469 1470 5000
1470 1471 4996
1471 1472 4998
1472 1473 4992
1473 1474 4998
1474 1475 4991
1475 1476 4992
1476 1477 4998
1477 1478 4999
1478 1479 4996
1479 1480 4996
1480 1481 4996
1481 1482 4996
1482 1483 5000
1483 1484 4995
1484 1485 4990
1485 1486 4993
1486 1487 4993
1487 1488 4993
1488 1489 4993
1489 1490 4992
1490 1491 4993
1491 1492 4993
1492 1493 4995
1493 1494 5000
1494 1495 4998
1495 1496 4998
1496 1497 4992
1497 1498 4997
1498 1499 4991
1499 1500 4990
1500 1501 4997
1501 1502 4990
1502 1503 4998
1503 1504 4999
1504 1505 4991
1505 1506 4994
1506 1507 4992
1507 1508 4995
1508 1509 4996
1509 1510 4996
1510 1511 4991
1511 1512 4997
1512 1513 4990
1513 1514 4996
1514 1515 4991
1515 1516 4996
1516 1517 4990
1517 1518 4996
1518 1519 4999
1519 1520 4999
1520 1521 4998
1521 1522 4996
1522 1523 4993
1523 1524 4999
1524 1525 4993
1525 1526 4998
1526 1527 4992
1527 1528 4999
1528 1529 4995
1529 1530 4991
1530 1531 4998
1531 1532 5000
1532 1533 4994
1533 1534 4993
1534 1535 4996
1535 1536 4993
1536 1537 4991
1537 1538 4997
1538 1539 4995
1539 1540 4993
1540 1541 4990
1541 1542 4990
1542 1543 4990
1543 1544 4990
1544 1545 4999
1545 1546 4999
1546 1547 5000
1547 1548 5000
1548 1549 4993
1549 1550 4996
1550 1551 4990
1551 1552 4994
1552 1553 4993
1553 1554 4990
1554 1555 4994
1555 1556 4992
1556 1557 4996
1557 1558 4998
1558 1559 4998
1559 1560 4996
1560 1561 4991
1561 1562 4994
1562 1563 4995
1563 1564 4996
1564 1565 4991
1565 1566 4997
1566 1567 4992
1567 1568 4993
1568 1569 4997
1569 1570 4992
1570 1571 4991
1571 1572 5000
1572 1573 4990
1573 1574 4995
1574 1575 4999
1575 1576 4992
1576 1577 4995
1577 1578 4998
1578 1579 4990
1579 1580 5000
1580 1581 4996
1581 1582 4996
1582 1583 4995
1583 1584 4999
1584 1585 4994
1585 1586 4996
1586 1587 4992
1587 1588 4992
1588 1589 4994
1589 1590 4994
1590 1591 4992
1591 1592 4993
1592 1593 4991
1593 1594 4999
1594 1595 4996
1595 1596 4998
1596 1597 4994
1597 1598 4996
1598 1599 4999
1599 1600 4993
1600 1601 4990
1601 1602 4996
1602 1603 4994
1603 1604 4999
1604 1605 4991
1605 1606 4997
1606 1607 4999
1607 1608 4998
1608 1609 4998
1609 1610 4992
1610 1611 4991
1611 1612 4996
1612 1613 4996
1613 1614 4993
1614 1615 4991
1615 1616 4991
1616 1617 5000
1617 1618 4990
1618 1619 5000
1619 1620 4995
1620 1621 4994
1621 1622 4998
1622 1623 4990
1623 1624 4998
1624 1625 4994
1625 1626 5000
1626 1627 4995
1627 1628 4992
1628 1629 4996
1629 1630 4993
1630 1631 4993
1631 1632 4993
1632 1633 4994
1633 1634 4993
1634 1635 4996
1635 1636 4994
1636 1637 4990
1637 1638 4994
1638 1639 4994
1639 1640 4997
1640 1641 4997
1641 1642 4996
1642 1643 4990
1643 1644 4990
1644 1645 4999
1645 1646 4994
1646 1647 4994
1647 1648 4996
1648 1649 5000
1649 1650 4994
1650 1651 4995
1651 1652 5000
1652 1653 4992
1653 1654 4995
1654 1655 4999
1655 1656 4995
1656 1657 4992
1657 1658 4999
1658 1659 4995
1659 1660 4994
1660 1661 4997
1661 1662 4996
1662 1663 4999
1663 1664 4993
1664 1665 4991
1665 1666 5000
1666 1667 4992
1667 1668 4998
1668 1669 4995
1669 1670 4993
1670 1671 4996
1671 1672 5000
1672 1673 4999
1673 1674 4994
1674 1675 5000
1675 1676 4990
1676 1677 4998
1677 1678 4991
1678 1679 4992
1679 1680 4996
1680 1681 4990
1681 1682 5000
1682 1683 4995
1683 1684 5000
1684 1685 4995
1685 1686 4992
1686 1687 4993
1687 1688 4991
1688 1689 4993
1689 1690 4994
1690 1691 4991
1691 1692 4993
1692 1693 4997
1693 1694 4995
1694 1695 4991
1695 1696 4994
1696 1697 4997
1697 1698 4994
1698 1699 4999
1699 1700 4995
1700 1701 4999
1701 1702 4993
1702 1703 4998
1703 1704 4991
1704 1705 4996
1705 1706 4998
1706 1707 5000
1707 1708 4992
1708 1709 5000
1709 1710 4994
1710 1711 4997
1711 1712 4992
1712 1713 4998
1713 1714 4991
1714 1715 4995
1715 1716 5000
1716 1717 4996
1717 1718 4998
1718 1719 4991
1719 1720 4991
1720 1721 4992
1721 1722 5000
1722 1723 4996
1723 1724 5000
1724 1725 4997
1725 1726 4991
1726 1727 4991
1727 1728 4991
1728 1729 4995
1729 1730 4991
1730 1731 5000
1731 1732 4991
1732 1733 4991
1733 1734 4991
1734 1735 4992
1735 1736 4996
1736 1737 4996
1737 1738 4992
1738 1739 4991
1739 1740 4993
1740 1741 4998
1741 1742 4999
1742 1743 4999
1743 1744 4991
1744 1745 4998
1745 1746 4999
1746 1747 4993
1747 1748 4991
1748 1749 4992
1749 1750 5000
1750 1751 4994
1751 1752 4990
1752 1753 5000
1753 1754 4996
1754 1755 4997
1755 1756 4995
1756 1757 4991
1757 1758 4995
1758 1759 4996
1759 1760 4999
1760 1761 4998
1761 1762 4995
1762 1763 4997
1763 1764 4991
1764 1765 4998
1765 1766 4999
1766 1767 4992
1767 1768 4997
1768 1769 4996
1769 1770 4994
1770 1771 4999
1771 1772 4996
1772 1773 4996
1773 1774 4992
1774 1775 4993
1775 1776 4992
1776 1777 4995
1777 1778 4994
1778 1779 5000
1779 1780 5000
1780 1781 4992
1781 1782 4999
1782 1783 4997
1783 1784 5000
1784 1785 4999
1785 1786 4991
1786 1787 4994
1787 1788 4994
1788 1789 4999
1789 1790 4998
1790 1791 4993
1791 1792 4992
1792 1793 4996
1793 1794 4997
1794 1795 4997
1795 1796 4992
1796 1797 4997
1797 1798 4997
1798 1799 5000
1799 1800 4998
1800 1801 4999
1801 1802 5000
1802 1803 4994
1803 1804 4991
1804 1805 4996
1805 1806 4997
1806 1807 4997
1807 1808 4993
1808 1809 4996
1809 1810 4999
1810 1811 4995
1811 1812 4999
1812 1813 4999
1813 1814 5000
1814 1815 4996
1815 1816 4996
1816 1817 4990
1817 1818 4992
1818 1819 4997
1819 1820 4990
1820 1821 4999
1821 1822 4991
1822 1823 4996
1823 1824 4994
1824 1825 5000
1825 1826 4995
1826 1827 4996
1827 1828 4998
1828 1829 4995
1829 1830 4998
1830 1831 4998
1831 1832 4992
1832 1833 4991
1833 1834 4992
1834 1835 4993
1835 1836 4999
1836 1837 5000
1837 1838 4993
1838 1839 4992
1839 1840 4996
1840 1841 4992
1841 1842 4998
1842 1843 4991
1843 1844 4991
1844 1845 4996
1845 1846 4991
1846 1847 4999
1847 1848 5000
1848 1849 4998
1849 1850 4994
1850 1851 4996
1851 1852 4997
1852 1853 4990
1853 1854 4990
1854 1855 4993
1855 1856 4996
1856 1857 4996
1857 1858 4996
1858 1859 4997
1859 1860 4990
1860 1861 4991
1861 1862 4994
1862 1863 4991
1863 1864 4995
1864 1865 4992
1865 1866 4991
1866 1867 4999
1867 1868 4999
1868 1869 4992
1869 1870 4998
1870 1871 4994
1871 1872 4991
1872 1873 4997
1873 1874 4990
1874 1875 4999
1875 1876 4994
1876 1877 4996
1877 1878 4993
1878 1879 4997
1879 1880 4996
1880 1881 4993
1881 1882 5000
1882 1883 4996
1883 1884 4991
1884 1885 4994
1885 1886 4996
1886 1887 4990
1887 1888 4994
1888 1889 4996
1889 1890 4991
1890 1891 4991
1891 1892 4995
1892 1893 4992
1893 1894 4996
1894 1895 5000
1895 1896 4991
1896 1897 4991
1897 1898 5000
1898 1899 4994
1899 1900 4999
1900 1901 4998
1901 1902 4992
1902 1903 4999
1903 1904 4990
1904 1905 4998
1905 1906 4993
1906 1907 4999
1907 1908 4997
1908 1909 4993
1909 1910 4993
1910 1911 4999
1911 1912 4997
1912 1913 4992
1913 1914 4994
1914 1915 4996
1915 1916 4996
1916 1917 4990
1917 1918 4994
1918 1919 4990
1919 1920 4992
1920 1921 4991
1921 1922 4994
1922 1923 4993
1923 1924 5000
1924 1925 4998
1925 1926 4990
1926 1927 4994
1927 1928 4992
1928 1929 4993
1929 1930 4997
1930 1931 4996
1931 1932 4990
1932 1933 4999
1933 1934 4995
1934 1935 4996
1935 1936 4994
1936 1937 4994
1937 1938 5000
1938 1939 4992
1939 1940 4999
1940 1941 4991
1941 1942 4996
1942 1943 4993
1943 1944 4995
1944 1945 4999
1945 1946 4999
1946 1947 4993
1947 1948 5000
1948 1949 4992
1949 1950 4998
1950 1951 4995
1951 1952 4999
1952 1953 4999
1953 1954 4994
1954 1955 4997
1955 1956 4990
1956 1957 5000
1957 1958 4999
1958 1959 4995
1959 1960 5000
1960 1961 4998
1961 1962 4994
1962 1963 4996
1963 1964 4995
1964 1965 4995
1965 1966 4995
1966 1967 4998
1967 1968 4999
1968 1969 4991
1969 1970 4998
1970 1971 4993
1971 1972 5000
1972 1973 4995
1973 1974 4997
1974 1975 4998
1975 1976 4991
1976 1977 5000
1977 1978 4992
1978 1979 4999
1979 1980 4994
1980 1981 4994
1981 1982 4994
1982 1983 4990
1983 1984 4995
1984 1985 4997
1985 1986 4990
1986 1987 4992
1987 1988 4995
1988 1989 5000
1989 1990 4991
1990 1991 4991
1991 1992 4994
1992 1993 4994
1993 1994 4998
1994 1995 4994
1995 1996 4993
1996 1997 4997
1997 1998 4998
1998 1999 4995
1999 2000 4999
2000 2001 4998
2001 2002 4997
2002 2003 4990
2003 2004 4990
2004 2005 4994
2005 2006 4991
2006 2007 4998
2007 2008 4992
2008 2009 4996
2009 2010 4999
2010 2011 4998
2011 2012 4993
2012 2013 5000
2013 2014 4991
2014 2015 4996
2015 2016 4995
2016 2017 5000
2017 2018 4992
2018 2019 4992
2019 2020 4992
2020 2021 4997
2021 2022 4998
2022 2023 4990
2023 2024 4991
2024 2025 4999
2025 2026 4993
2026 2027 4993
2027 2028 4993
2028 2029 5000
2029 2030 4996
2030 2031 4990
2031 2032 4992
2032 2033 5000
2033 2034 5000
2034 2035 4990
2035 2036 5000
2036 2037 4992
2037 2038 4998
2038 2039 4995
2039 2040 4993
2040 2041 4990
2041 2042 4992
2042 2043 4998
2043 2044 4999
2044 2045 4999
2045 2046 4993
2046 2047 5000
2047 2048 4995
2048 2049 4995
2049 2050 4990
2050 2051 4993
2051 2052 4990
2052 2053 4996
2053 2054 4995
2054 2055 4993
2055 2056 4991
2056 2057 4994
2057 2058 4999
2058 2059 4991
2059 2060 4995
2060 2061 4990
2061 2062 4991
2062 2063 4999
2063 2064 4999
2064 2065 4992
2065 2066 4997
2066 2067 5000
2067 2068 4994
2068 2069 4999
2069 2070 5000
2070 2071 4997
2071 2072 4990
2072 2073 4990
2073 2074 4999
2074 2075 4991
2075 2076 4996
2076 2077 4995
2077 2078 4990
2078 2079 4994
2079 2080 4993
2080 2081 4990
2081 2082 4996
2082 2083 4994
2083 2084 4999
2084 2085 4993
2085 2086 4999
2086 2087 4998
2087 2088 4996
2088 2089 4990
2089 2090 4997
2090 2091 4995
2091 2092 4990
2092 2093 4994
2093 2094 5000
2094 2095 4992
2095 2096 4990
2096 2097 4996
2097 2098 4994
2098 2099 4993
2099 2100 4991
2100 2101 4995
2101 2102 4997
2102 2103 4999
2103 2104 5000
2104 2105 4997
2105 2106 4990
2106 2107 4994
2107 2108 4993
2108 2109 5000
2109 2110 4993
2110 2111 4995
2111 2112 4998
2112 2113 4995
2113 2114 4991
2114 2115 4992
2115 2116 5000
2116 2117 4991
2117 2118 4997
2118 2119 4993
2119 2120 4997
2120 2121 4999
2121 2122 4998
2122 2123 4993
2123 2124 4999
2124 2125 4995
2125 2126 4993
2126 2127 4998
2127 2128 4998
2128 2129 4993
2129 2130 4999
2130 2131 4990
2131 2132 4997
2132 2133 4998
2133 2134 5000
2134 2135 4998
2135 2136 4994
2136 2137 4991
2137 2138 4995
2138 2139 4998
2139 2140 5000
2140 2141 5000
2141 2142 4992
2142 2143 4999
2143 2144 5000
2144 2145 4994
2145 2146 4997
2146 2147 5000
2147 2148 4997
2148 2149 4993
2149 2150 4992
2150 2151 4996
2151 2152 4997
2152 2153 4994
2153 2154 5000
2154 2155 5000
2155 2156 4999
2156 2157 4995
2157 2158 4993
2158 2159 5000
2159 2160 4996
2160 2161 4996
2161 2162 5000
2162 2163 4992
2163 2164 4994
2164 2165 4995
2165 2166 4990
2166 2167 4995
2167 2168 5000
2168 2169 4993
2169 2170 4999
2170 2171 4996
2171 2172 4998
2172 2173 4993
2173 2174 4994
2174 2175 5000
2175 2176 4997
2176 2177 5000
2177 2178 4994
2178 2179 4991
2179 2180 4993
2180 2181 4990
2181 2182 4990
2182 2183 4991
2183 2184 4999
2184 2185 4990
2185 2186 4999
2186 2187 4997
2187 2188 4990
2188 2189 4997
2189 2190 4997
2190 2191 4990
2191 2192 4995
2192 2193 4998
2193 2194 4994
2194 2195 4995
2195 2196 4991
2196 2197 4993
2197 2198 4994
2198 2199 4999
2199 2200 4999
2200 2201 5000
2201 2202 4993
2202 2203 4997
2203 2204 5000
2204 2205 4998
2205 2206 4995
2206 2207 4993
2207 2208 4992
2208 2209 4996
2209 2210 4990
2210 2211 4998
2211 2212 4993
2212 2213 4992
2213 2214 5000
2214 2215 4997
2215 2216 4990
2216 2217 4990
2217 2218 4993
2218 2219 4994
2219 2220 4990
2220 2221 4997
2221 2222 4998
2222 2223 5000
2223 2224 4993
2224 2225 4999
2225 2226 4994
2226 2227 4990
2227 2228 4995
2228 2229 4991
2229 2230 4991
2230 2231 4992
2231 2232 4998
2232 2233 4999
2233 2234 4995
2234 2235 4999
2235 2236 4997
2236 2237 4998
2237 2238 4992
2238 2239 4992
2239 2240 4990
2240 2241 4997
2241 2242 4991
2242 2243 4993
2243 2244 4993
2244 2245 4993
2245 2246 4994
2246 2247 4997
2247 2248 4993
2248 2249 4993
2249 2250 4995
2250 2251 4990
2251 2252 4993
2252 2253 4996
2253 2254 4995
2254 2255 4998
2255 2256 4997
2256 2257 4991
2257 2258 4997
2258 2259 4995
2259 2260 4990
2260 2261 5000
2261 2262 4992
2262 2263 4998
2263 2264 4996
2264 2265 4995
2265 2266 4997
2266 2267 4997
2267 2268 4993
2268 2269 4994
2269 2270 4992
2270 2271 4997
2271 2272 4997
2272 2273 4995
2273 2274 4998
2274 2275 4998
2275 2276 4991
2276 2277 4991
2277 2278 4992
2278 2279 4993
2279 2280 4992
2280 2281 4992
2281 2282 5000
2282 2283 4990
2283 2284 4998
2284 2285 4991
2285 2286 4991
2286 2287 4998
2287 2288 4991
2288 2289 4999
2289 2290 4995
2290 2291 4993
2291 2292 4992
2292 2293 5000
2293 2294 5000
2294 2295 4994
2295 2296 4990
2296 2297 4996
2297 2298 4990
2298 2299 4999
2299 2300 4995
2300 2301 4995
2301 2302 4995
2302 2303 4992
2303 2304 4995
2304 2305 4991
2305 2306 4994
2306 2307 4994
2307 2308 4993
2308 2309 4990
2309 2310 4993
2310 2311 4992
2311 2312 4998
2312 2313 4996
2313 2314 4991
2314 2315 4991
2315 2316 4999
2316 2317 4991
2317 2318 4992
2318 2319 4999
2319 2320 4995
2320 2321 4992
2321 2322 4994
2322 2323 4993
2323 2324 4998
2324 2325 4994
2325 2326 5000
2326 2327 4993
2327 2328 4997
2328 2329 4993
2329 2330 4996
2330 2331 4998
2331 2332 4990
2332 2333 4998
2333 2334 5000
2334 2335 4992
2335 2336 4999
2336 2337 5000
2337 2338 4993
2338 2339 4990
2339 2340 4992
2340 2341 4996
2341 2342 5000
2342 2343 4991
2343 2344 4993
2344 2345 5000
2345 2346 4990
2346 2347 4992
2347 2348 4996
2348 2349 4997
2349 2350 4994
2350 2351 5000
2351 2352 4995
2352 2353 4997
2353 2354 4993
2354 2355 4994
2355 2356 4995
2356 2357 4995
2357 2358 4999
2358 2359 4994
2359 2360 4997
2360 2361 4991
2361 2362 4994
2362 2363 4990
2363 2364 4995
2364 2365 4995
2365 2366 4991
2366 2367 4992
2367 2368 4995
2368 2369 5000
2369 2370 4994
2370 2371 4992
2371 2372 4993
2372 2373 4999
2373 2374 5000
2374 2375 4998
2375 2376 4999
2376 2377 4999
2377 2378 4994
2378 2379 4990
2379 2380 4995
2380 2381 4993
2381 2382 4992
2382 2383 4998
2383 2384 4990
2384 2385 5000
2385 2386 5000
2386 2387 4991
2387 2388 5000
2388 2389 4997
2389 2390 4999
2390 2391 4996
2391 2392 4999
2392 2393 4990
2393 2394 4997
2394 2395 4994
2395 2396 4992
2396 2397 4991
2397 2398 4992
2398 2399 4991
2399 2400 4998
2400 2401 4999
2401 2402 5000
2402 2403 4993
2403 2404 4997
2404 2405 4996
2405 2406 4995
2406 2407 4999
2407 2408 4990
2408 2409 4997
2409 2410 4994
2410 2411 4996
2411 2412 4995
2412 2413 4999
2413 2414 4998
2414 2415 4997
2415 2416 4993
2416 2417 5000
2417 2418 4993
2418 2419 5000
2419 2420 4991
2420 2421 4993
2421 2422 4995
2422 2423 4994
2423 2424 4990
2424 2425 4998
2425 2426 4991
2426 2427 4992
2427 2428 4995
2428 2429 4998
2429 2430 4996
2430 2431 4999
2431 2432 4990
2432 2433 4995
2433 2434 4992
2434 2435 4998
2435 2436 4998
2436 2437 4992
2437 2438 4996
2438 2439 4991
2439 2440 4990
2440 2441 5000
2441 2442 5000
2442 2443 4999
2443 2444 4997
2444 2445 4996
2445 2446 5000
2446 2447 4990
2447 2448 4997
2448 2449 4994
2449 2450 4994
2450 2451 5000
2451 2452 4994
2452 2453 4996
2453 2454 4998
2454 2455 4990
2455 2456 4996
2456 2457 4999
2457 2458 4999
2458 2459 4996
2459 2460 4995
2460 2461 4993
2461 2462 4995
2462 2463 4994
2463 2464 4997
2464 2465 5000
2465 2466 4996
2466 2467 4995
2467 2468 4990
2468 2469 4999
2469 2470 4995
2470 2471 4998
2471 2472 4998
2472 2473 4999
2473 2474 4999
2474 2475 4996
2475 2476 4997
2476 2477 4993
2477 2478 4992
2478 2479 4990
2479 2480 4997
2480 2481 4998
2481 2482 4992
2482 2483 4996
2483 2484 5000
2484 2485 4997
2485 2486 4992
2486 2487 4995
2487 2488 4992
2488 2489 4992
2489 2490 4999
2490 2491 4990
2491 2492 4999
2492 2493 4991
2493 2494 4993
2494 2495 4996
2495 2496 4998
2496 2497 4999
2497 2498 4996
2498 2499 4992
2499 2500 4995
2500 2501 4990
2501 2502 4998
2502 2503 4999
2503 2504 4997
2504 2505 4994
2505 2506 4997
2506 2507 4999
2507 2508 4998
2508 2509 4990
2509 2510 4995
2510 2511 4997
2511 2512 4990
2512 2513 4994
2513 2514 4991
2514 2515 4992
2515 2516 4998
2516 2517 4993
2517 2518 4999
2518 2519 5000
2519 2520 4992
2520 2521 4996
2521 2522 4992
2522 2523 4995
2523 2524 4991
2524 2525 4990
2525 2526 4993
2526 2527 4999
2527 2528 4991
2528 2529 4995
2529 2530 4997
2530 2531 4991
2531 2532 4990
2532 2533 4994
2533 2534 4997
2534 2535 4996
2535 2536 4994
2536 2537 4991
2537 2538 4992
2538 2539 4994
2539 2540 4993
2540 2541 4990
2541 2542 5000
2542 2543 4997
2543 2544 4990
2544 2545 4994
2545 2546 4992
2546 2547 4999
2547 2548 4997
2548 2549 4997
2549 2550 4991
2550 2551 4991
2551 2552 4997
2552 2553 4997
2553 2554 4994
2554 2555 4995
2555 2556 4999
2556 2557 4995
2557 2558 4998
2558 2559 4994
2559 2560 5000
2560 2561 4999
2561 2562 4993
2562 2563 4991
2563 2564 4994
2564 2565 4994
2565 2566 5000
2566 2567 4996
2567 2568 4993
2568 2569 4993
2569 2570 4996
2570 2571 4992
2571 2572 4996
2572 2573 4995
2573 2574 4996
2574 2575 4997
2575 2576 4996
2576 2577 4996
2577 2578 4992
2578 2579 4993
2579 2580 4998
2580 2581 4999
2581 2582 4998
2582 2583 4991
2583 2584 4997
2584 2585 4990
2585 2586 4994
2586 2587 4990
2587 2588 4995
2588 2589 4996
2589 2590 4997
2590 2591 5000
2591 2592 4993
2592 2593 5000
2593 2594 4999
2594 2595 4992
2595 2596 5000
2596 2597 5000
2597 2598 4996
2598 2599 4992
2599 2600 4998
2600 2601 4992
2601 2602 4991
2602 2603 4995
2603 2604 4997
2604 2605 4990
2605 2606 4996
2606 2607 4991
2607 2608 4998
2608 2609 4994
2609 2610 4999
2610 2611 4992
2611 2612 4992
2612 2613 4992
2613 2614 4997
2614 2615 4994
2615 2616 4996
2616 2617 4997
2617 2618 4992
2618 2619 4992
2619 2620 4996
2620 2621 5000
2621 2622 4999
2622 2623 4993
2623 2624 4999
2624 2625 4995
2625 2626 5000
2626 2627 4994
2627 2628 4997
2628 2629 4993
2629 2630 4999
2630 2631 4991
2631 2632 4995
2632 2633 4994
2633 2634 4991
2634 2635 4996
2635 2636 5000
2636 2637 4994
2637 2638 4990
2638 2639 4997
2639 2640 4995
2640 2641 4999
2641 2642 4995
2642 2643 4996
2643 2644 4996
2644 2645 4994
2645 2646 4993
2646 2647 4997
2647 2648 4997
2648 2649 4992
2649 2650 4992
2650 2651 5000
2651 2652 5000
2652 2653 4992
2653 2654 4990
2654 2655 4995
2655 2656 4993
2656 2657 4990
2657 2658 4993
2658 2659 4995
2659 2660 4996
2660 2661 4993
2661 2662 4993
2662 2663 4991
2663 2664 4999
2664 2665 4999
2665 2666 4995
2666 2667 4994
2667 2668 4994
2668 2669 4998
2669 2670 4997
2670 2671 4993
2671 2672 4990
2672 2673 4997
2673 2674 4996
2674 2675 4992
2675 2676 4992
2676 2677 4997
2677 2678 4998
2678 2679 4996
2679 2680 4992
2680 2681 4990
2681 2682 4993
2682 2683 4996
2683 2684 4999
2684 2685 4997
2685 2686 4991
2686 2687 4995
2687 2688 4997
2688 2689 4992
2689 2690 4994
2690 2691 4999
2691 2692 4998
2692 2693 4995
2693 2694 4999
2694 2695 4996
2695 2696 4992
2696 2697 4996
2697 2698 4997
2698 2699 4993
2699 2700 4994
2700 2701 4992
2701 2702 4992
2702 2703 4993
2703 2704 4998
2704 2705 4993
2705 2706 4999
2706 2707 5000
2707 2708 4998
2708 2709 5000
2709 2710 4998
2710 2711 4999
2711 2712 4995
2712 2713 4992
2713 2714 4997
2714 2715 4992
2715 2716 4991
2716 2717 4997
2717 2718 4994
2718 2719 5000
2719 2720 4993
2720 2721 4996
2721 2722 4996
2722 2723 4997
2723 2724 4997
2724 2725 4996
2725 2726 4995
2726 2727 4995
2727 2728 4997
2728 2729 4997
2729 2730 4995
2730 2731 4995
2731 2732 4997
2732 2733 4991
2733 2734 4999
2734 2735 4991
2735 2736 4992
2736 2737 4994
2737 2738 4997
2738 2739 5000
2739 2740 4994
2740 2741 4997
2741 2742 4997
2742 2743 5000
2743 2744 4992
2744 2745 5000
2745 2746 4995
2746 2747 4993
2747 2748 4997
2748 2749 4995
2749 2750 4995
2750 2751 4990
2751 2752 4997
2752 2753 4998
2753 2754 5000
2754 2755 4998
2755 2756 4992
2756 2757 4991
2757 2758 4995
2758 2759 4995
2759 2760 4992
2760 2761 5000
2761 2762 4995
2762 2763 4995
2763 2764 4993
2764 2765 5000
2765 2766 4992
2766 2767 4998
2767 2768 4996
2768 2769 4995
2769 2770 4994
2770 2771 4995
2771 2772 4994
2772 2773 4994
2773 2774 4991
2774 2775 4994
2775 2776 4992
2776 2777 4993
2777 2778 4999
2778 2779 4997
2779 2780 4990
2780 2781 4998
2781 2782 4993
2782 2783 5000
2783 2784 4990
2784 2785 4990
2785 2786 4990
2786 2787 4993
2787 2788 4991
2788 2789 4990
2789 2790 4996
2790 2791 4995
2791 2792 4999
2792 2793 4993
2793 2794 4995
2794 2795 4994
2795 2796 4997
2796 2797 4992
2797 2798 4994
2798 2799 4997
2799 2800 4991
2800 2801 4995
2801 2802 4994
2802 2803 4999
2803 2804 4991
2804 2805 4990
2805 2806 4995
2806 2807 4999
2807 2808 4997
2808 2809 4998
2809 2810 4994
2810 2811 4997
2811 2812 4996
2812 2813 4995
2813 2814 4993
2814 2815 4991
2815 2816 4994
2816 2817 4995
2817 2818 5000
2818 2819 4993
2819 2820 4994
2820 2821 4990
2821 2822 4996
2822 2823 4998
2823 2824 4991
2824 2825 4991
2825 2826 4997
2826 2827 4992
2827 2828 5000
2828 2829 4990
2829 2830 4995
2830 2831 4994
2831 2832 5000
2832 2833 4993
2833 2834 4998
2834 2835 4997
2835 2836 4991
2836 2837 4992
2837 2838 4994
2838 2839 4999
2839 2840 4994
2840 2841 4999
2841 2842 4992
2842 2843 4990
2843 2844 4997
2844 2845 4993
2845 2846 4991
2846 2847 4990
2847 2848 4997
2848 2849 4996
2849 2850 4995
2850 2851 4993
2851 2852 4992
2852 2853 4997
2853 2854 4999
2854 2855 4997
2855 2856 4991
2856 2857 5000
2857 2858 4994
2858 2859 4995
2859 2860 4996
2860 2861 4993
2861 2862 4990
2862 2863 4996
2863 2864 4992
2864 2865 4996
2865 2866 4994
2866 2867 4993
2867 2868 5000
2868 2869 4997
2869 2870 4992
2870 2871 4999
2871 2872 4994
2872 2873 4996
2873 2874 4993
2874 2875 4996
2875 2876 4990
2876 2877 4993
2877 2878 4990
2878 2879 4994
2879 2880 4996
2880 2881 4997
2881 2882 4995
2882 2883 5000
2883 2884 4999
2884 2885 4992
2885 2886 4990
2886 2887 4997
2887 2888 4997
2888 2889 4996
2889 2890 4999
2890 2891 5000
2891 2892 4990
2892 2893 4996
2893 2894 5000
2894 2895 4992
2895 2896 4998
2896 2897 4992
2897 2898 4996
2898 2899 4995
2899 2900 4998
2900 2901 4999
2901 2902 4999
2902 2903 4997
2903 2904 4998
2904 2905 4997
2905 2906 4993
2906 2907 4991
2907 2908 4991
2908 2909 4993
2909 2910 4990
2910 2911 4991
2911 2912 4996
2912 2913 4998
2913 2914 4995
2914 2915 4993
2915 2916 4998
2916 2917 4992
2917 2918 4993
2918 2919 4997
2919 2920 4996
2920 2921 4994
2921 2922 4992
2922 2923 4996
2923 2924 4994
2924 2925 4998
2925 2926 4996
2926 2927 4999
2927 2928 4991
2928 2929 4996
2929 2930 4997
2930 2931 5000
2931 2932 4990
2932 2933 4990
2933 2934 4995
2934 2935 4991
2935 2936 4990
2936 2937 4992
2937 2938 4997
2938 2939 4995
2939 2940 4996
2940 2941 4993
2941 2942 4990
2942 2943 4994
2943 2944 4993
2944 2945 4994
2945 2946 4996
2946 2947 4991
2947 2948 4992
2948 2949 4992
2949 2950 4997
2950 2951 4994
2951 2952 4997
2952 2953 4990
2953 2954 4990
2954 2955 4990
2955 2956 5000
2956 2957 4993
2957 2958 4990
2958 2959 5000
2959 2960 4990
2960 2961 4994
2961 2962 4995
2962 2963 4997
2963 2964 4993
2964 2965 4996
2965 2966 4993
2966 2967 4993
2967 2968 4992
2968 2969 4996
2969 2970 5000
2970 2971 4994
2971 2972 4995
2972 2973 4997
2973 2974 4995
2974 2975 4994
2975 2976 4995
2976 2977 4995
2977 2978 5000
2978 2979 4996
2979 2980 4994
2980 2981 4992
2981 2982 4993
2982 2983 4992
2983 2984 5000
2984 2985 5000
2985 2986 4990
2986 2987 4998
2987 2988 4996
2988 2989 4992
2989 2990 4990
2990 2991 5000
2991 2992 4994
2992 2993 4993
2993 2994 4997
2994 2995 4990
2995 2996 4990
2996 2997 4992
2997 2998 4994
2998 2999 4990
2999 3000 5000
3000 3001 4991
3001 3002 4999
3002 3003 4995
3003 3004 4995
3004 3005 4994
3005 3006 4998
3006 3007 4998
3007 3008 4993
3008 3009 4999
3009 3010 4996
3010 3011 5000
3011 3012 4999
3012 3013 4998
3013 3014 4994
3014 3015 4991
3015 3016 4994
3016 3017 4990
3017 3018 4992
3018 3019 4994
3019 3020 4994
3020 3021 4998
3021 3022 4992
3022 3023 4992
3023 3024 5000
3024 3025 4997
3025 3026 4996
3026 3027 4992
3027 3028 4991
3028 3029 4990
3029 3030 4991
3030 3031 4994
3031 3032 4997
3032 3033 4993
3033 3034 4991
3034 3035 4999
3035 3036 4994
3036 3037 4994
3037 3038 4990
3038 3039 4993
3039 3040 4996
3040 3041 4998
3041 3042 5000
3042 3043 4993
3043 3044 4994
3044 3045 5000
3045 3046 4997
3046 3047 4995
3047 3048 4990
3048 3049 4996
3049 3050 4995
3050 3051 4994
3051 3052 5000
3052 3053 4994
3053 3054 4990
3054 3055 4991
3055 3056 4998
3056 3057 4996
3057 3058 5000
3058 3059 4995
3059 3060 4994
3060 3061 4997
3061 3062 4990
3062 3063 4997
3063 3064 4992
3064 3065 4999
3065 3066 4995
3066 3067 4996
3067 3068 4991
3068 3069 4996
3069 3070 4997
3070 3071 4995
3071 3072 4998
3072 3073 4993
3073 3074 4997
3074 3075 4991
3075 3076 4995
3076 3077 4996
3077 3078 4994
3078 3079 4991
3079 3080 4992
3080 3081 4990
3081 3082 4999
3082 3083 5000
3083 3084 4994
3084 3085 4991
3085 3086 5000
3086 3087 4992
3087 3088 4993
3088 3089 4992
3089 3090 4995
3090 3091 4993
3091 3092 4998
3092 3093 4991
3093 3094 5000
3094 3095 4996
3095 3096 4999
3096 3097 4998
3097 3098 5000
3098 3099 4991
3099 3100 5000
3100 3101 4996
3101 3102 4997
3102 3103 5000
3103 3104 4998
3104 3105 4992
3105 3106 4993
3106 3107 4992
3107 3108 4992
3108 3109 4997
3109 3110 4998
3110 3111 4991
3111 3112 4990
3112 3113 4999
3113 3114 4998
3114 3115 4993
3115 3116 4998
3116 3117 4990
3117 3118 4995
3118 3119 4999
3119 3120 4997
3120 3121 4999
3121 3122 4993
3122 3123 4993
3123 3124 4990
3124 3125 4997
3125 3126 4990
3126 3127 4992
3127 3128 4991
3128 3129 4995
3129 3130 4996
3130 3131 4992
3131 3132 5000
3132 3133 4993
3133 3134 4995
3134 3135 5000
3135 3136 4990
3136 3137 4995
3137 3138 4998
3138 3139 5000
3139 3140 4996
3140 3141 4998
3141 3142 5000
3142 3143 4995
3143 3144 4998
3144 3145 4994
3145 3146 4996
3146 3147 4991
3147 3148 4990
3148 3149 4991
3149 3150 4999
3150 3151 4991
3151 3152 4995
3152 3153 4990
3153 3154 4992
3154 3155 4997
3155 3156 4990
3156 3157 4999
3157 3158 4991
3158 3159 5000
3159 3160 4994
3160 3161 4993
3161 3162 4995
3162 3163 4998
3163 3164 5000
3164 3165 4994
3165 3166 4999
3166 3167 4997
3167 3168 4996
3168 3169 4997
3169 3170 4995
3170 3171 4997
3171 3172 5000
3172 3173 4992
3173 3174 4997
3174 3175 4998
3175 3176 4994
3176 3177 4992
3177 3178 4992
3178 3179 4996
3179 3180 4994
3180 3181 4993
3181 3182 4997
3182 3183 4994
3183 3184 4998
3184 3185 4991
3185 3186 4992
3186 3187 4992
3187 3188 4999
3188 3189 4991
3189 3190 4995
3190 3191 4997
3191 3192 4997
3192 3193 4992
3193 3194 4992
3194 3195 4991
3195 3196 4997
3196 3197 4993
3197 3198 5000
3198 3199 4998
3199 3200 4992
3200 3201 4998
3201 3202 4998
3202 3203 4997
3203 3204 5000
3204 3205 5000
3205 3206 5000
3206 3207 5000
3207 3208 4992
3208 3209 4991
3209 3210 4999
3210 3211 4992
3211 3212 5000
3212 3213 4990
3213 3214 4999
3214 3215 4990
3215 3216 4995
3216 3217 4993
3217 3218 4998
3218 3219 4990
3219 3220 4991
3220 3221 4990
3221 3222 4995
3222 3223 4994
3223 3224 5000
3224 3225 4997
3225 3226 4997
3226 3227 4995
3227 3228 5000
3228 3229 4991
3229 3230 4994
3230 3231 4996
3231 3232 4998
3232 3233 4996
3233 3234 4995
3234 3235 4994
3235 3236 4998
3236 3237 4992
3237 3238 4993
3238 3239 4999
3239 3240 4995
3240 3241 5000
3241 3242 4995
3242 3243 4990
3243 3244 4993
3244 3245 4994
3245 3246 4991
3246 3247 4995
3247 3248 4990
3248 3249 4999
3249 3250 5000
3250 3251 4993
3251 3252 4992
3252 3253 4991
3253 3254 4999
3254 3255 4993
3255 3256 5000
3256 3257 4999
3257 3258 4995
3258 3259 4999
3259 3260 4997
3260 3261 4996
3261 3262 4990
3262 3263 5000
3263 3264 5000
3264 3265 4999
3265 3266 5000
3266 3267 4996
3267 3268 4990
3268 3269 4995
3269 3270 4993
3270 3271 4991
3271 3272 4998
3272 3273 4990
3273 3274 4997
3274 3275 4996
3275 3276 4997
3276 3277 4992
3277 3278 4996
3278 3279 4993
3279 3280 4990
3280 3281 4998
3281 3282 4993
3282 3283 4991
3283 3284 4994
3284 3285 4997
3285 3286 4995
3286 3287 4999
3287 3288 4991
3288 3289 4996
3289 3290 4990
3290 3291 4996
3291 3292 4992
3292 3293 4999
3293 3294 4995
3294 3295 5000
3295 3296 4991
3296 3297 4997
3297 3298 4994
3298 3299 5000
3299 3300 4990
3300 3301 4999
3301 3302 4999
3302 3303 4999
3303 3304 4996
3304 3305 4999
3305 3306 4998
3306 3307 5000
3307 3308 4994
3308 3309 4995
3309 3310 4995
3310 3311 4992
3311 3312 4991
3312 3313 4992
3313 3314 4994
3314 3315 4994
3315 3316 4999
3316 3317 4993
3317 3318 4998
3318 3319 4999
3319 3320 4991
3320 3321 5000
3321 3322 4996
3322 3323 4994
3323 3324 4994
3324 3325 4998
3325 3326 5000
3326 3327 4992
3327 3328 5000
3328 3329 4997
3329 3330 4993
3330 3331 4997
3331 3332 4995
3332 3333 5000
3333 3334 4997
3334 3335 4995
3335 3336 4990
3336 3337 4995
3337 3338 4991
3338 3339 4996
3339 3340 4999
3340 3341 4995
3341 3342 4997
3342 3343 4990
3343 3344 4995
3344 3345 4994
3345 3346 5000
3346 3347 4990
3347 3348 4994
3348 3349 4994
3349 3350 4991
3350 3351 5000
3351 3352 4991
3352 3353 4993
3353 3354 4999
3354 3355 4991
3355 3356 4996
3356 3357 4993
3357 3358 4995
3358 3359 4997
3359 3360 4997
3360 3361 4993
3361 3362 4990
3362 3363 4996
3363 3364 4999
3364 3365 4995
3365 3366 4996
3366 3367 4990
3367 3368 4992
3368 3369 4991
3369 3370 4993
3370 3371 4993
3371 3372 4998
3372 3373 4995
3373 3374 4999
3374 3375 4995
3375 3376 4994
3376 3377 4991
3377 3378 4994
3378 3379 4991
3379 3380 5000
3380 3381 4998
3381 3382 4992
3382 3383 4994
3383 3384 4994
3384 3385 4991
3385 3386 4992
3386 3387 4996
3387 3388 4999
3388 3389 4996
3389 3390 4998
3390 3391 5000
3391 3392 4998
3392 3393 5000
3393 3394 4994
3394 3395 4991
3395 3396 4996
3396 3397 4998
3397 3398 5000
3398 3399 4997
3399 3400 4995
3400 3401 5000
3401 3402 5000
3402 3403 4998
3403 3404 4990
3404 3405 4996
3405 3406 4997
3406 3407 4993
3407 3408 4999
3408 3409 4993
3409 3410 4995
3410 3411 5000
3411 3412 4998
3412 3413 4995
3413 3414 4992
3414 3415 4994
3415 3416 4997
3416 3417 4997
3417 3418 5000
3418 3419 4993
3419 3420 4995
3420 3421 5000
3421 3422 4992
3422 3423 4994
3423 3424 4994
3424 3425 4995
3425 3426 5000
3426 3427 4991
3427 3428 4997
3428 3429 4995
3429 3430 4994
3430 3431 4997
3431 3432 4992
3432 3433 4997
3433 3434 4992
3434 3435 4991
3435 3436 4992
3436 3437 4997
3437 3438 4999
3438 3439 4994
3439 3440 4990
3440 3441 4994
3441 3442 4993
3442 3443 4997
3443 3444 4995
3444 3445 4998
3445 3446 4996
3446 3447 4993
3447 3448 4994
3448 3449 4993
3449 3450 4992
3450 3451 4990
3451 3452 4992
3452 3453 4993
3453 3454 4999
3454 3455 4995
3455 3456 4991
3456 3457 4993
3457 3458 5000
3458 3459 5000
3459 3460 4993
3460 3461 4999
3461 3462 4998
3462 3463 4999
3463 3464 4993
3464 3465 4990
3465 3466 4992
3466 3467 4998
3467 3468 4999
3468 3469 4995
3469 3470 4993
3470 3471 5000
3471 3472 4991
3472 3473 4992
3473 3474 4998
3474 3475 4993
3475 3476 4993
3476 3477 4997
3477 3478 4994
3478 3479 4997
3479 3480 4992
3480 3481 4999
3481 3482 4994
3482 3483 4992
3483 3484 5000
3484 3485 4996
3485 3486 4998
3486 3487 4998
3487 3488 5000
3488 3489 4998
3489 3490 4991
3490 3491 4996
3491 3492 4991
3492 3493 4990
3493 3494 4991
3494 3495 4992
3495 3496 4996
3496 3497 4999
3497 3498 4999
3498 3499 4999
3499 3500 4996
3500 3501 4996
3501 3502 4999
3502 3503 4994
3503 3504 4990
3504 3505 4998
3505 3506 4997
3506 3507 4994
3507 3508 4996
3508 3509 4999
3509 3510 5000
3510 3511 4997
3511 3512 4996
3512 3513 4998
3513 3514 4997
3514 3515 4990
3515 3516 4996
3516 3517 4990
3517 3518 4990
3518 3519 4992
3519 3520 5000
3520 3521 4990
3521 3522 4994
3522 3523 4993
3523 3524 4994
3524 3525 4995
3525 3526 4994
3526 3527 5000
3527 3528 4993
3528 3529 4994
3529 3530 4995
3530 3531 4995
3531 3532 4995
3532 3533 4994
3533 3534 4992
3534 3535 4996
3535 3536 5000
3536 3537 4994
3537 3538 4999
3538 3539 5000
3539 3540 4996
3540 3541 4992
3541 3542 4992
3542 3543 4997
3543 3544 5000
3544 3545 4993
3545 3546 4994
3546 3547 4993
3547 3548 4997
3548 3549 4996
3549 3550 4996
3550 3551 4997
3551 3552 4995
3552 3553 4996
3553 3554 4990
3554 3555 5000
3555 3556 4998
3556 3557 4992
3557 3558 4995
3558 3559 4993
3559 3560 4990
3560 3561 4992
3561 3562 4995
3562 3563 4999
3563 3564 4996
3564 3565 4995
3565 3566 4999
3566 3567 4995
3567 3568 4990
3568 3569 4995
3569 3570 4995
3570 3571 4999
3571 3572 4999
3572 3573 4990
3573 3574 5000
3574 3575 4992
3575 3576 4996
3576 3577 4991
3577 3578 4993
3578 3579 4991
3579 3580 4990
3580 3581 4997
3581 3582 4994
3582 3583 4997
3583 3584 4990
3584 3585 4995
3585 3586 4994
3586 3587 4996
3587 3588 4996
3588 3589 4998
3589 3590 4994
3590 3591 4996
3591 3592 5000
3592 3593 4991
3593 3594 4990
3594 3595 4993
3595 3596 4997
3596 3597 4993
3597 3598 4991
3598 3599 4999
3599 3600 4995
3600 3601 4991
3601 3602 4998
3602 3603 4992
3603 3604 4998
3604 3605 4994
3605 3606 4990
3606 3607 4998
3607 3608 5000
3608 3609 4991
3609 3610 4997
3610 3611 4993
3611 3612 4998
3612 3613 4991
3613 3614 4991
3614 3615 4991
3615 3616 4990
3616 3617 4993
3617 3618 4995
3618 3619 5000
3619 3620 4991
3620 3621 4994
3621 3622 4993
3622 3623 4999
3623 3624 5000
3624 3625 4997
3625 3626 4992
3626 3627 4992
3627 3628 4995
3628 3629 4995
3629 3630 4997
3630 3631 5000
3631 3632 4994
3632 3633 4997
3633 3634 4994
3634 3635 4993
3635 3636 4993
3636 3637 4993
3637 3638 4994
3638 3639 4998
3639 3640 4997
3640 3641 4990
3641 3642 4990
3642 3643 4993
3643 3644 4996
3644 3645 4999
3645 3646 4993
3646 3647 4991
3647 3648 4999
3648 3649 5000
3649 3650 5000
3650 3651 4990
3651 3652 5000
3652 3653 4991
3653 3654 4990
3654 3655 5000
3655 3656 4997
3656 3657 4996
3657 3658 4992
3658 3659 4991
3659 3660 4996
3660 3661 4993
3661 3662 4995
3662 3663 4999
3663 3664 4994
3664 3665 4991
3665 3666 4998
3666 3667 4998
3667 3668 4995
3668 3669 4994
3669 3670 4993
3670 3671 4997
3671 3672 4998
3672 3673 4997
3673 3674 4990
3674 3675 4997
3675 3676 4994
3676 3677 5000
3677 3678 4994
3678 3679 4997
3679 3680 4996
3680 3681 4997
3681 3682 4991
3682 3683 4997
3683 3684 4992
3684 3685 4998
3685 3686 4992
3686 3687 4994
3687 3688 4995
3688 3689 4995
3689 3690 4991
3690 3691 5000
3691 3692 4992
3692 3693 4995
3693 3694 4997
3694 3695 4991
3695 3696 4993
3696 3697 4994
3697 3698 4997
3698 3699 4990
3699 3700 4991
3700 3701 4995
3701 3702 4998
3702 3703 4997
3703 3704 4996
3704 3705 4994
3705 3706 4994
3706 3707 5000
3707 3708 4993
3708 3709 4995
3709 3710 4999
3710 3711 4998
3711 3712 4991
3712 3713 4991
3713 3714 4992
3714 3715 4991
3715 3716 4998
3716 3717 4992
3717 3718 4998
3718 3719 4997
3719 3720 4997
3720 3721 4993
3721 3722 5000
3722 3723 4995
3723 3724 4993
3724 3725 4992
3725 3726 4992
3726 3727 4992
3727 3728 5000
3728 3729 4999
3729 3730 5000
3730 3731 5000
3731 3732 4994
3732 3733 4995
3733 3734 4992
3734 3735 4990
3735 3736 5000
3736 3737 4998
3737 3738 4990
3738 3739 4992
3739 3740 4994
3740 3741 4991
3741 3742 4991
3742 3743 4997
3743 3744 5000
3744 3745 4998
3745 3746 4992
3746 3747 4990
3747 3748 4993
3748 3749 4997
3749 3750 4996
3750 3751 4994
3751 3752 4997
3752 3753 4999
3753 3754 4994
3754 3755 4994
3755 3756 4999
3756 3757 4995
3757 3758 4993
3758 3759 4997
3759 3760 4992
3760 3761 4999
3761 3762 4991
3762 3763 4998
3763 3764 4993
3764 3765 4991
3765 3766 4990
3766 3767 4995
3767 3768 4996
3768 3769 4991
3769 3770 4991
3770 3771 4991
3771 3772 4992
3772 3773 4993
3773 3774 4998
3774 3775 4991
3775 3776 4993
3776 3777 4995
3777 3778 4992
3778 3779 4990
3779 3780 4998
3780 3781 4992
3781 3782 4991
3782 3783 4991
3783 3784 4997
3784 3785 4995
3785 3786 5000
3786 3787 4995
3787 3788 4996
3788 3789 4997
3789 3790 4993
3790 3791 4995
3791 3792 4992
3792 3793 4999
3793 3794 4993
3794 3795 4994
3795 3796 4997
3796 3797 4991
3797 3798 5000
3798 3799 4991
3799 3800 4993
3800 3801 4996
3801 3802 5000
3802 3803 4998
3803 3804 4996
3804 3805 4994
3805 3806 4999
3806 3807 5000
3807 3808 4992
3808 3809 4994
3809 3810 4998
3810 3811 4994
3811 3812 4992
3812 3813 4997
3813 3814 4991
3814 3815 5000
3815 3816 4994
3816 3817 4991
3817 3818 4995
3818 3819 4999
3819 3820 4994
3820 3821 5000
3821 3822 4991
3822 3823 4990
3823 3824 5000
3824 3825 4993
3825 3826 4997
3826 3827 4990
3827 3828 4996
3828 3829 4998
3829 3830 4991
3830 3831 4997
3831 3832 4998
3832 3833 4999
3833 3834 4997
3834 3835 4991
3835 3836 4998
3836 3837 4990
3837 3838 4998
3838 3839 4998
3839 3840 4999
3840 3841 4991
3841 3842 4994
3842 3843 4995
3843 3844 4997
3844 3845 4996
3845 3846 4990
3846 3847 4997
3847 3848 4992
3848 3849 4999
3849 3850 4997
3850 3851 4997
3851 3852 5000
3852 3853 4996
3853 3854 4996
3854 3855 4995
3855 3856 5000
3856 3857 4993
3857 3858 4998
3858 3859 4993
3859 3860 4995
3860 3861 4996
3861 3862 4999
3862 3863 4995
3863 3864 5000
3864 3865 5000
3865 3866 5000
3866 3867 4990
3867 3868 4999
3868 3869 4996
3869 3870 5000
3870 3871 4994
3871 3872 4992
3872 3873 4999
3873 3874 4998
3874 3875 4995
3875 3876 4996
3876 3877 5000
3877 3878 4998
3878 3879 4992
3879 3880 4992
3880 3881 4994
3881 3882 4996
3882 3883 4994
3883 3884 4996
3884 3885 4991
3885 3886 4994
3886 3887 4994
3887 3888 4997
3888 3889 4995
3889 3890 4997
3890 3891 4993
3891 3892 4997
3892 3893 4990
3893 3894 4996
3894 3895 4997
3895 3896 4997
3896 3897 4990
3897 3898 4997
3898 3899 4990
3899 3900 4992
3900 3901 4998
3901 3902 5000
3902 3903 4997
3903 3904 4993
3904 3905 4992
3905 3906 4994
3906 3907 4997
3907 3908 4997
3908 3909 4995
3909 3910 4996
3910 3911 4997
3911 3912 4992
3912 3913 4996
3913 3914 4996
3914 3915 4996
3915 3916 4999
3916 3917 4997
3917 3918 4992
3918 3919 4992
3919 3920 5000
3920 3921 4991
3921 3922 5000
3922 3923 4994
3923 3924 4993
3924 3925 4996
3925 3926 5000
3926 3927 4996
3927 3928 4996
3928 3929 4992
3929 3930 4999
3930 3931 4990
3931 3932 4990
3932 3933 4999
3933 3934 4993
3934 3935 4996
3935 3936 4999
3936 3937 4994
3937 3938 4992
3938 3939 4994
3939 3940 4994
3940 3941 4993
3941 3942 5000
3942 3943 4995
3943 3944 4996
3944 3945 4997
3945 3946 4999
3946 3947 4998
3947 3948 4996
3948 3949 4996
3949 3950 4998
3950 3951 4998
3951 3952 4996
3952 3953 4990
3953 3954 4994
3954 3955 4991
3955 3956 4991
3956 3957 5000
3957 3958 4994
3958 3959 5000
3959 3960 4995
3960 3961 4990
3961 3962 4998
3962 3963 5000
3963 3964 4990
3964 3965 4990
3965 3966 4999
3966 3967 4996
3967 3968 4991
3968 3969 4994
3969 3970 4998
3970 3971 4999
3971 3972 4992
3972 3973 4990
3973 3974 4993
3974 3975 4998
3975 3976 4996
3976 3977 5000
3977 3978 4996
3978 3979 5000
3979 3980 4992
3980 3981 4998
3981 3982 4991
3982 3983 4994
3983 3984 4995
3984 3985 4998
3985 3986 4992
3986 3987 4999
3987 3988 4992
3988 3989 4999
3989 3990 4992
3990 3991 4994
3991 3992 4994
3992 3993 4997
3993 3994 5000
3994 3995 4991
3995 3996 4992
3996 3997 4992
3997 3998 4997
3998 3999 4999
3999 4000 4995
4000 4001 4993
4001 4002 4999
4002 4003 5000
4003 4004 4996
4004 4005 4994
4005 4006 4992
4006 4007 5000
4007 4008 4997
4008 4009 4993
4009 4010 4997
4010 4011 4990
4011 4012 4990
4012 4013 4995
4013 4014 4990
4014 4015 4994
4015 4016 4991
4016 4017 4997
4017 4018 4990
4018 4019 4996
4019 4020 4990
4020 4021 4990
4021 4022 4990
4022 4023 4997
4023 4024 4993
4024 4025 4993
4025 4026 4993
4026 4027 5000
4027 4028 4999
4028 4029 4998
4029 4030 4992
4030 4031 4999
4031 4032 5000
4032 4033 4999
4033 4034 4993
4034 4035 4997
4035 4036 4999
4036 4037 4998
4037 4038 4994
4038 4039 4998
4039 4040 4996
4040 4041 4996
4041 4042 4990
4042 4043 4994
4043 4044 4992
4044 4045 4993
4045 4046 5000
4046 4047 4996
4047 4048 4998
4048 4049 4994
4049 4050 4997
4050 4051 4993
4051 4052 4996
4052 4053 4997
4053 4054 4998
4054 4055 4991
4055 4056 4993
4056 4057 5000
4057 4058 4992
4058 4059 4999
4059 4060 4994
4060 4061 4997
4061 4062 4992
4062 4063 4990
4063 4064 4999
4064 4065 4990
4065 4066 5000
4066 4067 4994
4067 4068 4991
4068 4069 4992
4069 4070 4994
4070 4071 4990
4071 4072 4999
4072 4073 4992
4073 4074 4998
4074 4075 4997
4075 4076 4999
4076 4077 5000
4077 4078 5000
4078 4079 4992
4079 4080 4999
4080 4081 4993
4081 4082 4998
4082 4083 4997
4083 4084 4990
4084 4085 4999
4085 4086 4992
4086 4087 4990
4087 4088 4993
4088 4089 4998
4089 4090 5000
4090 4091 4997
4091 4092 5000
4092 4093 4996
4093 4094 4996
4094 4095 4995
4095 4096 4997
4096 4097 4992
4097 4098 4992
4098 4099 4990
4099 4100 4996
4100 4101 4994
4101 4102 4992
4102 4103 4992
4103 4104 4998
4104 4105 5000
4105 4106 5000
4106 4107 4994
4107 4108 4996
4108 4109 4994
4109 4110 4999
4110 4111 4999
4111 4112 4991
4112 4113 4995
4113 4114 5000
4114 4115 4992
4115 4116 4994
4116 4117 4996
4117 4118 4990
4118 4119 4993
4119 4120 4996
4120 4121 4997
4121 4122 4997
4122 4123 5000
4123 4124 4996
4124 4125 4996
4125 4126 4993
4126 4127 4991
4127 4128 4995
4128 4129 4999
4129 4130 4995
4130 4131 4994
4131 4132 4992
4132 4133 4994
4133 4134 4992
4134 4135 4992
4135 4136 4996
4136 4137 5000
4137 4138 4993
4138 4139 4999
4139 4140 4998
4140 4141 4995
4141 4142 4994
4142 4143 4994
4143 4144 4996
4144 4145 5000
4145 4146 4999
4146 4147 4996
4147 4148 4996
4148 4149 4990
4149 4150 4994
4150 4151 4992
4151 4152 4993
4152 4153 4999
4153 4154 4992
4154 4155 4994
4155 4156 4997
4156 4157 5000
4157 4158 4990
4158 4159 4994
4159 4160 4991
4160 4161 4991
4161 4162 4999
4162 4163 4993
4163 4164 4991
4164 4165 4995
4165 4166 4993
4166 4167 4993
4167 4168 4996
4168 4169 4999
4169 4170 4997
4170 4171 4996
4171 4172 4990
4172 4173 4997
4173 4174 4994
4174 4175 4994
4175 4176 4992
4176 4177 4994
4177 4178 5000
4178 4179 4992
4179 4180 4996
4180 4181 4990
4181 4182 4991
4182 4183 4990
4183 4184 4991
4184 4185 4994
4185 4186 4996
4186 4187 4994
4187 4188 4997
4188 4189 5000
4189 4190 4997
4190 4191 4990
4191 4192 4996
4192 4193 4993
4193 4194 4993
4194 4195 4998
4195 4196 5000
4196 4197 4999
4197 4198 4996
4198 4199 4990
4199 4200 4998
4200 4201 4996
4201 4202 4990
4202 4203 5000
4203 4204 4991
4204 4205 4993
4205 4206 4994
4206 4207 5000
4207 4208 4990
4208 4209 4996
4209 4210 4992
4210 4211 4991
4211 4212 4999
4212 4213 4993
4213 4214 4991
4214 4215 4993
4215 4216 4999
4216 4217 5000
4217 4218 4998
4218 4219 4999
4219 4220 5000
4220 4221 4996
4221 4222 4991
4222 4223 4996
4223 4224 4998
4224 4225 4990
4225 4226 4997
4226 4227 4997
4227 4228 4990
4228 4229 4992
4229 4230 5000
4230 4231 4994
4231 4232 4995
4232 4233 4998
4233 4234 4998
4234 4235 4992
4235 4236 4994
4236 4237 4994
4237 4238 4993
4238 4239 4994
4239 4240 4992
4240 4241 4999
4241 4242 4992
4242 4243 4996
4243 4244 4999
4244 4245 4999
4245 4246 5000
4246 4247 4992
4247 4248 4990
4248 4249 5000
4249 4250 4997
4250 4251 5000
4251 4252 4993
4252 4253 4997
4253 4254 4999
4254 4255 4992
4255 4256 4990
4256 4257 4993
4257 4258 4990
4258 4259 4990
4259 4260 4994
4260 4261 4996
4261 4262 5000
4262 4263 4996
4263 4264 4996
4264 4265 4999
4265 4266 4992
4266 4267 5000
4267 4268 5000
4268 4269 4999
4269 4270 4997
4270 4271 5000
4271 4272 5000
4272 4273 4999
4273 4274 4996
4274 4275 4992
4275 4276 4990
4276 4277 4993
4277 4278 4996
4278 4279 4996
4279 4280 4998
4280 4281 4999
4281 4282 4998
4282 4283 4993
4283 4284 4999
4284 4285 4990
4285 4286 4999
4286 4287 4991
4287 4288 4990
4288 4289 4994
4289 4290 4996
4290 4291 4995
4291 4292 4995
4292 4293 5000
4293 4294 4994
4294 4295 4991
4295 4296 5000
4296 4297 4998
4297 4298 4994
4298 4299 4996
4299 4300 4995
4300 4301 4999
4301 4302 4996
4302 4303 4991
4303 4304 4993
4304 4305 4997
4305 4306 4994
4306 4307 4991
4307 4308 4990
4308 4309 4994
4309 4310 4997
4310 4311 4999
4311 4312 4998
4312 4313 4991
4313 4314 4993
4314 4315 4998
4315 4316 4994
4316 4317 4991
4317 4318 4992
4318 4319 4999
4319 4320 4997
4320 4321 4993
4321 4322 4995
4322 4323 4996
4323 4324 5000
4324 4325 4993
4325 4326 4994
4326 4327 4992
4327 4328 4996
4328 4329 4992
4329 4330 4992
4330 4331 4990
4331 4332 4999
4332 4333 5000
4333 4334 4994
4334 4335 4996
4335 4336 4992
4336 4337 4999
4337 4338 4995
4338 4339 4995
4339 4340 4997
4340 4341 4991
4341 4342 4994
4342 4343 4999
4343 4344 4991
4344 4345 4991
4345 4346 4991
4346 4347 4993
4347 4348 4997
4348 4349 4997
4349 4350 4995
4350 4351 4990
4351 4352 4993
4352 4353 4999
4353 4354 4990
4354 4355 5000
4355 4356 4998
4356 4357 4990
4357 4358 4995
4358 4359 4998
4359 4360 4995
4360 4361 4990
4361 4362 4994
4362 4363 4990
4363 4364 4995
4364 4365 4996
4365 4366 5000
4366 4367 4995
4367 4368 4998
4368 4369 4993
4369 4370 5000
4370 4371 4991
4371 4372 4993
4372 4373 4998
4373 4374 4997
4374 4375 5000
4375 4376 4994
4376 4377 4991
4377 4378 5000
4378 4379 4999
4379 4380 4995
4380 4381 5000
4381 4382 4993
4382 4383 4990
4383 4384 4994
4384 4385 4998
4385 4386 4991
4386 4387 5000
4387 4388 4996
4388 4389 4998
4389 4390 4990
4390 4391 4993
4391 4392 4998
4392 4393 4993
4393 4394 4999
4394 4395 4995
4395 4396 4990
4396 4397 4990
4397 4398 4996
4398 4399 4990
4399 4400 4993
4400 4401 4990
4401 4402 4991
4402 4403 4999
4403 4404 4998
4404 4405 4993
4405 4406 5000
4406 4407 4992
4407 4408 4995
4408 4409 4997
4409 4410 4997
4410 4411 4998
4411 4412 4997
4412 4413 4991
4413 4414 4991
4414 4415 4993
4415 4416 4992
4416 4417 4991
4417 4418 4997
4418 4419 4991
4419 4420 4997
4420 4421 4994
4421 4422 4994
4422 4423 4991
4423 4424 4996
4424 4425 4993
4425 4426 5000
4426 4427 5000
4427 4428 4993
4428 4429 4990
4429 4430 4992
4430 4431 4993
4431 4432 4993
4432 4433 4990
4433 4434 4993
4434 4435 4993
4435 4436 4995
4436 4437 4998
4437 4438 4997
4438 4439 4994
4439 4440 4992
4440 4441 4993
4441 4442 4999
4442 4443 4991
4443 4444 4993
4444 4445 4991
4445 4446 4999
4446 4447 4994
4447 4448 4994
4448 4449 4991
4449 4450 4995
4450 4451 5000
4451 4452 4992
4452 4453 4990
4453 4454 4993
4454 4455 4993
4455 4456 4991
4456 4457 4998
4457 4458 4992
4458 4459 4995
4459 4460 4993
4460 4461 4995
4461 4462 4993
4462 4463 4990
4463 4464 5000
4464 4465 4996
4465 4466 4993
4466 4467 4995
4467 4468 4992
4468 4469 5000
4469 4470 5000
4470 4471 4995
4471 4472 4992
4472 4473 4996
4473 4474 4990
4474 4475 5000
4475 4476 4999
4476 4477 4994
4477 4478 4998
4478 4479 4995
4479 4480 4990
4480 4481 4992
4481 4482 4993
4482 4483 4999
4483 4484 5000
4484 4485 4990
4485 4486 4997
4486 4487 4997
4487 4488 4994
4488 4489 5000
4489 4490 4996
4490 4491 4990
4491 4492 4992
4492 4493 4993
4493 4494 4995
4494 4495 4992
4495 4496 4992
4496 4497 4997
4497 4498 4991
4498 4499 4997
4499 4500 4992
4500 4501 4996
4501 4502 4995
4502 4503 4991
4503 4504 4993
4504 4505 4996
4505 4506 4998
4506 4507 4995
4507 4508 5000
4508 4509 4991
4509 4510 4998
4510 4511 5000
4511 4512 4991
4512 4513 4992
4513 4514 4991
4514 4515 4990
4515 4516 4999
4516 4517 4993
4517 4518 4998
4518 4519 4992
4519 4520 5000
4520 4521 4998
4521 4522 4999
4522 4523 4990
4523 4524 4990
4524 4525 4994
4525 4526 4999
4526 4527 5000
4527 4528 4993
4528 4529 4998
4529 4530 4992
4530 4531 4994
4531 4532 4990
4532 4533 4996
4533 4534 4992
4534 4535 4993
4535 4536 4994
4536 4537 4999
4537 4538 4991
4538 4539 4992
4539 4540 4990
4540 4541 5000
4541 4542 4996
4542 4543 4999
4543 4544 4995
4544 4545 4999
4545 4546 4991
4546 4547 4992
4547 4548 4994
4548 4549 4996
4549 4550 4991
4550 4551 4991
4551 4552 4996
4552 4553 4990
4553 4554 4990
4554 4555 4990
4555 4556 4992
4556 4557 4992
4557 4558 4995
4558 4559 4990
4559 4560 4993
4560 4561 4998
4561 4562 4993
4562 4563 4995
4563 4564 5000
4564 4565 4995
4565 4566 4992
4566 4567 4997
4567 4568 5000
4568 4569 4990
4569 4570 4996
4570 4571 4995
4571 4572 5000
4572 4573 4991
4573 4574 4999
4574 4575 4994
4575 4576 4990
4576 4577 4992
4577 4578 5000
4578 4579 4996
4579 4580 4996
4580 4581 4990
4581 4582 4992
4582 4583 5000
4583 4584 4993
4584 4585 4996
4585 4586 4997
4586 4587 4999
4587 4588 4995
4588 4589 4992
4589 4590 4999
4590 4591 4996
4591 4592 4994
4592 4593 4990
4593 4594 4997
4594 4595 4996
4595 4596 4991
4596 4597 4991
4597 4598 4997
4598 4599 4992
4599 4600 4991
4600 4601 4999
4601 4602 4992
4602 4603 4994
4603 4604 5000
4604 4605 4994
4605 4606 4990
4606 4607 4994
4607 4608 4996
4608 4609 4994
4609 4610 4991
4610 4611 4993
4611 4612 4990
4612 4613 4998
4613 4614 5000
4614 4615 4995
4615 4616 4997
4616 4617 4997
4617 4618 4995
4618 4619 4995
4619 4620 4993
4620 4621 4998
4621 4622 4993
4622 4623 4996
4623 4624 4993
4624 4625 4992
4625 4626 4990
4626 4627 4998
4627 4628 4990
4628 4629 4991
4629 4630 4991
4630 4631 4995
4631 4632 4998
4632 4633 5000
4633 4634 4991
4634 4635 4997
4635 4636 4993
4636 4637 4995
4637 4638 4996
4638 4639 4997
4639 4640 4999
4640 4641 4992
4641 4642 4993
4642 4643 4991
4643 4644 4998
4644 4645 4997
4645 4646 5000
4646 4647 4990
4647 4648 4996
4648 4649 5000
4649 4650 4994
4650 4651 5000
4651 4652 4996
4652 4653 4993
4653 4654 4996
4654 4655 4990
4655 4656 4997
4656 4657 5000
4657 4658 4997
4658 4659 4995
4659 4660 4999
4660 4661 4998
4661 4662 4990
4662 4663 4996
4663 4664 4997
4664 4665 5000
4665 4666 4997
4666 4667 4999
4667 4668 4996
4668 4669 4990
4669 4670 4992
4670 4671 4990
4671 4672 5000
4672 4673 5000
4673 4674 4999
4674 4675 4992
4675 4676 4993
4676 4677 4996
4677 4678 4996
4678 4679 4997
4679 4680 4991
4680 4681 4998
4681 4682 4994
4682 4683 4990
4683 4684 4995
4684 4685 4991
4685 4686 4999
4686 4687 5000
4687 4688 4999
4688 4689 4994
4689 4690 4995
4690 4691 4996
4691 4692 4997
4692 4693 5000
4693 4694 5000
4694 4695 4990
4695 4696 4992
4696 4697 4998
4697 4698 4999
4698 4699 4998
4699 4700 4993
4700 4701 4992
4701 4702 4993
4702 4703 4990
4703 4704 4990
4704 4705 4993
4705 4706 4995
4706 4707 4994
4707 4708 4991
4708 4709 4994
4709 4710 4995
4710 4711 4991
4711 4712 4994
4712 4713 4992
4713 4714 4996
4714 4715 5000
4715 4716 4999
4716 4717 4994
4717 4718 4991
4718 4719 4997
4719 4720 4998
4720 4721 4997
4721 4722 5000
4722 4723 5000
4723 4724 4990
4724 4725 4991
4725 4726 4997
4726 4727 4994
4727 4728 4990
4728 4729 4999
4729 4730 4994
4730 4731 4995
4731 4732 4994
4732 4733 4991
4733 4734 4999
4734 4735 4998
4735 4736 4997
4736 4737 4993
4737 4738 4992
4738 4739 4995
4739 4740 4995
4740 4741 4992
4741 4742 5000
4742 4743 5000
4743 4744 4997
4744 4745 5000
4745 4746 4995
4746 4747 4994
4747 4748 4991
4748 4749 4999
4749 4750 4994
4750 4751 4995
4751 4752 4995
4752 4753 4992
4753 4754 4998
4754 4755 4995
4755 4756 4991
4756 4757 4990
4757 4758 4994
4758 4759 4997
4759 4760 4995
4760 4761 4991
4761 4762 4997
4762 4763 4994
4763 4764 4991
4764 4765 4990
4765 4766 4992
4766 4767 4997
4767 4768 4991
4768 4769 4999
4769 4770 4999
4770 4771 4993
4771 4772 4994
4772 4773 4997
4773 4774 4990
4774 4775 4997
4775 4776 4996
4776 4777 4995
4777 4778 4998
4778 4779 4991
4779 4780 4996
4780 4781 4994
4781 4782 4992
4782 4783 4993
4783 4784 4991
4784 4785 4998
4785 4786 4994
4786 4787 4998
4787 4788 4994
4788 4789 4990
4789 4790 4994
4790 4791 4990
4791 4792 4992
4792 4793 4992
4793 4794 4998
4794 4795 4993
4795 4796 4997
4796 4797 4992
4797 4798 4999
4798 4799 4990
4799 4800 4993
4800 4801 5000
4801 4802 4995
4802 4803 4998
4803 4804 4992
4804 4805 4995
4805 4806 4991
4806 4807 4996
4807 4808 4995
4808 4809 4992
4809 4810 4998
4810 4811 4990
4811 4812 4994
4812 4813 4990
4813 4814 4994
4814 4815 4995
4815 4816 4999
4816 4817 4998
4817 4818 4995
4818 4819 4991
4819 4820 4993
4820 4821 4990
4821 4822 4997
4822 4823 4991
4823 4824 5000
4824 4825 4990
4825 4826 4993
4826 4827 4999
4827 4828 4990
4828 4829 4996
4829 4830 4993
4830 4831 4992
4831 4832 4991
4832 4833 4996
4833 4834 4996
4834 4835 4999
4835 4836 4990
4836 4837 4990
4837 4838 4999
4838 4839 4994
4839 4840 4998
4840 4841 4996
4841 4842 4996
4842 4843 4991
4843 4844 4995
4844 4845 4991
4845 4846 4995
4846 4847 4999
4847 4848 4997
4848 4849 5000
4849 4850 4995
4850 4851 4993
4851 4852 4995
4852 4853 4999
4853 4854 4994
4854 4855 4990
4855 4856 4991
4856 4857 4991
4857 4858 4991
4858 4859 4993
4859 4860 4996
4860 4861 4995
4861 4862 4998
4862 4863 5000
4863 4864 4997
4864 4865 4997
4865 4866 4992
4866 4867 4997
4867 4868 4996
4868 4869 4995
4869 4870 4993
4870 4871 4995
4871 4872 4998
4872 4873 4991
4873 4874 5000
4874 4875 4996
4875 4876 4994
4876 4877 4991
4877 4878 4993
4878 4879 4996
4879 4880 5000
4880 4881 4990
4881 4882 4993
4882 4883 4997
4883 4884 4991
4884 4885 4994
4885 4886 4992
4886 4887 4990
4887 4888 4997
4888 4889 4996
4889 4890 4990
4890 4891 4999
4891 4892 4998
4892 4893 4992
4893 4894 5000
4894 4895 5000
4895 4896 4999
4896 4897 4999
4897 4898 4993
4898 4899 4995
4899 4900 4999
4900 4901 4993
4901 4902 4993
4902 4903 4993
4903 4904 4990
4904 4905 4998
4905 4906 4991
4906 4907 4994
4907 4908 4997
4908 4909 4997
4909 4910 4998
4910 4911 4999
4911 4912 4991
4912 4913 4996
4913 4914 5000
4914 4915 4996
4915 4916 4998
4916 4917 4995
4917 4918 4990
4918 4919 4992
4919 4920 4999
4920 4921 4993
4921 4922 4990
4922 4923 4995
4923 4924 5000
4924 4925 4998
4925 4926 4999
4926 4927 4994
4927 4928 4990
4928 4929 4998
4929 4930 4991
4930 4931 4998
4931 4932 4990
4932 4933 4992
4933 4934 4992
4934 4935 4999
4935 4936 4993
4936 4937 5000
4937 4938 4993
4938 4939 4993
4939 4940 4998
4940 4941 4998
4941 4942 4996
4942 4943 4999
4943 4944 5000
4944 4945 5000
4945 4946 4999
4946 4947 4996
4947 4948 4992
4948 4949 4999
4949 4950 4999
4950 4951 4998
4951 4952 4999
4952 4953 4993
4953 4954 4992
4954 4955 4995
4955 4956 4999
4956 4957 4991
4957 4958 4990
4958 4959 4992
4959 4960 4997
4960 4961 5000
4961 4962 4999
4962 4963 4997
4963 4964 4993
4964 4965 4992
4965 4966 4990
4966 4967 4994
4967 4968 5000
4968 4969 4996
4969 4970 4995
4970 4971 4999
4971 4972 4990
4972 4973 4997
4973 4974 4994
4974 4975 4996
4975 4976 4990
4976 4977 4992
4977 4978 4991
4978 4979 4995
4979 4980 4995
4980 4981 4993
4981 4982 4995
4982 4983 4994
4983 4984 4995
4984 4985 4990
4985 4986 4999
4986 4987 5000
4987 4988 5000
4988 4989 5000
4989 4990 4994
4990 4991 5000
4991 4992 4992
4992 4993 4991
4993 4994 4996
4994 4995 4994
4995 4996 4996
4996 4997 5000
4997 4998 4996
4998 4999 4991
4999 5000 4999
5000 5001 4992
5001 5002 4993
5002 5003 4998
5003 5004 4993
5004 5005 4994
5005 5006 4993
5006 5007 4993
5007 5008 4990
5008 5009 4991
5009 5010 4993
5010 5011 4996
5011 5012 4997
5012 5013 5000
5013 5014 4996
5014 5015 4993
5015 5016 4992
5016 5017 4994
5017 5018 5000
5018 5019 4997
5019 5020 4994
5020 5021 4992
5021 5022 4990
5022 5023 4996
5023 5024 4996
5024 5025 4991
5025 5026 4997
5026 5027 4993
5027 5028 4991
5028 5029 4991
5029 5030 4990
5030 5031 4990
5031 5032 4990
5032 5033 4996
5033 5034 4999
5034 5035 4992
5035 5036 4996
5036 5037 4993
5037 5038 4997
5038 5039 4994
5039 5040 4992
5040 5041 4996
5041 5042 4991
5042 5043 4990
5043 5044 4993
5044 5045 4994
5045 5046 4995
5046 5047 4991
5047 5048 4996
5048 5049 4996
5049 5050 4995
5050 5051 4999
5051 5052 4998
5052 5053 4992
5053 5054 4991
5054 5055 4997
5055 5056 4998
5056 5057 4996
5057 5058 4998
5058 5059 4996
5059 5060 4994
5060 5061 4990
5061 5062 4994
5062 5063 4999
5063 5064 4998
5064 5065 4995
5065 5066 4991
5066 5067 4994
5067 5068 5000
5068 5069 4991
5069 5070 5000
5070 5071 4996
5071 5072 5000
5072 5073 4997
5073 5074 5000
5074 5075 4998
5075 5076 4995
5076 5077 4994
5077 5078 4990
5078 5079 4997
5079 5080 4990
5080 5081 4991
5081 5082 4990
5082 5083 4997
5083 5084 4990
5084 5085 4990
5085 5086 4991
5086 5087 4993
5087 5088 5000
5088 5089 4995
5089 5090 5000
5090 5091 4997
5091 5092 4994
5092 5093 4999
5093 5094 4996
5094 5095 4999
5095 5096 4993
5096 5097 4991
5097 5098 5000
5098 5099 4997
5099 5100 4996
5100 5101 4992
5101 5102 4998
5102 5103 4998
5103 5104 4997
5104 5105 4997
5105 5106 4990
5106 5107 4992
5107 5108 4990
5108 5109 5000
5109 5110 4998
5110 5111 4994
5111 5112 4994
5112 5113 4991
5113 5114 4994
5114 5115 4994
5115 5116 4998
5116 5117 5000
5117 5118 4993
5118 5119 4998
5119 5120 4992
5120 5121 4990
5121 5122 4995
5122 5123 5000
5123 5124 4999
5124 5125 4991
5125 5126 4993
5126 5127 4990
5127 5128 4995
5128 5129 4991
5129 5130 4998
5130 5131 4991
5131 5132 4996
5132 5133 4998
5133 5134 4992
5134 5135 4993
5135 5136 4999
5136 5137 4993
5137 5138 4991
5138 5139 4993
5139 5140 4996
5140 5141 4990
5141 5142 4996
5142 5143 4997
5143 5144 4991
5144 5145 4990
5145 5146 4996
5146 5147 4999
5147 5148 4999
5148 5149 4995
5149 5150 4997
5150 5151 4997
5151 5152 4994
5152 5153 4993
5153 5154 4991
5154 5155 4997
5155 5156 4993
5156 5157 5000
5157 5158 4991
5158 5159 4992
5159 5160 5000
5160 5161 4999
5161 5162 4994
5162 5163 4998
5163 5164 4999
5164 5165 4999
5165 5166 4992
5166 5167 4996
5167 5168 4998
5168 5169 4992
5169 5170 4997
5170 5171 4999
5171 5172 4991
5172 5173 4991
5173 5174 4990
5174 5175 4997
5175 5176 4990
5176 5177 4999
5177 5178 4998
5178 5179 4995
5179 5180 4992
5180 5181 5000
5181 5182 4994
5182 5183 4999
5183 5184 4993
5184 5185 4992
5185 5186 4996
5186 5187 4992
5187 5188 4993
5188 5189 4992
5189 5190 4997
5190 5191 4996
5191 5192 4997
5192 5193 4990
5193 5194 4992
5194 5195 4990
5195 5196 4998
5196 5197 4992
5197 5198 4996
5198 5199 5000
5199 5200 4993
5200 5201 4990
5201 5202 5000
5202 5203 4994
5203 5204 4996
5204 5205 4993
5205 5206 5000
5206 5207 4996
5207 5208 4997
5208 5209 4992
5209 5210 4994
5210 5211 4998
5211 5212 4993
5212 5213 5000
5213 5214 4995
5214 5215 4992
5215 5216 4999
5216 5217 4991
5217 5218 4995
5218 5219 4996
5219 5220 4990
5220 5221 5000
5221 5222 4999
5222 5223 4991
5223 5224 4992
5224 5225 4990
5225 5226 4990
5226 5227 4996
5227 5228 4993
5228 5229 4991
5229 5230 4993
5230 5231 4994
5231 5232 4990
5232 5233 4994
5233 5234 5000
5234 5235 4992
5235 5236 4992
5236 5237 4998
5237 5238 4998
5238 5239 4997
5239 5240 4994
5240 5241 4990
5241 5242 5000
5242 5243 4992
5243 5244 4999
5244 5245 5000
5245 5246 4994
5246 5247 4995
5247 5248 4996
5248 5249 4990
5249 5250 4991
5250 5251 4995
5251 5252 4997
5252 5253 4992
5253 5254 4990
5254 5255 4995
5255 5256 4992
5256 5257 4990
5257 5258 5000
5258 5259 4996
5259 5260 4990
5260 5261 4997
5261 5262 4998
5262 5263 4995
5263 5264 4999
5264 5265 4998
5265 5266 4998
5266 5267 4994
5267 5268 4990
5268 5269 4995
5269 5270 4990
5270 5271 4994
5271 5272 4997
5272 5273 4996
5273 5274 5000
5274 5275 4999
5275 5276 4990
5276 5277 4996
5277 5278 4999
5278 5279 4998
5279 5280 4992
5280 5281 4998
5281 5282 4990
5282 5283 4999
5283 5284 4991
5284 5285 4998
5285 5286 4994
5286 5287 4996
5287 5288 4993
5288 5289 4997
5289 5290 5000
5290 5291 4998
5291 5292 5000
5292 5293 5000
5293 5294 4992
5294 5295 5000
5295 5296 4998
5296 5297 4994
5297 5298 4993
5298 5299 4992
5299 5300 4994
5300 5301 5000
5301 5302 4992
5302 5303 4994
5303 5304 4997
5304 5305 4995
5305 5306 5000
5306 5307 4994
5307 5308 4998
5308 5309 4998
5309 5310 4991
5310 5311 5000
5311 5312 4995
5312 5313 5000
5313 5314 4997
5314 5315 4992
5315 5316 4998
5316 5317 4991
5317 5318 4991
5318 5319 4993
5319 5320 4998
5320 5321 4996
5321 5322 4995
5322 5323 4994
5323 5324 4997
5324 5325 4998
5325 5326 4990
5326 5327 4993
5327 5328 4995
5328 5329 4993
5329 5330 4990
5330 5331 4995
5331 5332 5000
5332 5333 4999
5333 5334 4991
5334 5335 4997
5335 5336 4995
5336 5337 4999
5337 5338 4991
5338 5339 4993
5339 5340 5000
5340 5341 4992
5341 5342 4990
5342 5343 5000
5343 5344 4995
5344 5345 4994
5345 5346 5000
5346 5347 4991
5347 5348 4991
5348 5349 4992
5349 5350 4996
5350 5351 5000
5351 5352 4997
5352 5353 4995
5353 5354 4994
5354 5355 4998
5355 5356 4997
5356 5357 4990
5357 5358 4997
5358 5359 4995
5359 5360 4991
5360 5361 4991
5361 5362 4999
5362 5363 4993
5363 5364 4990
5364 5365 5000
5365 5366 4999
5366 5367 4999
5367 5368 4991
5368 5369 4999
5369 5370 4992
5370 5371 4994
5371 5372 4993
5372 5373 4991
5373 5374 4993
5374 5375 5000
5375 5376 4995
5376 5377 4996
5377 5378 4993
5378 5379 4997
5379 5380 4990
5380 5381 4998
5381 5382 4994
5382 5383 4991
5383 5384 4999
5384 5385 4998
5385 5386 4999
5386 5387 4997
5387 5388 4992
5388 5389 4992
5389 5390 4992
5390 5391 4996
5391 5392 4993
5392 5393 4998
5393 5394 4992
5394 5395 4999
5395 5396 4991
5396 5397 4990
5397 5398 4991
5398 5399 4999
5399 5400 4999
5400 5401 4996
5401 5402 4994
5402 5403 4997
5403 5404 4990
5404 5405 4997
5405 5406 4997
5406 5407 4995
5407 5408 4993
5408 5409 5000
5409 5410 4994
5410 5411 4998
5411 5412 4997
5412 5413 4991
5413 5414 4994
5414 5415 4999
5415 5416 4994
5416 5417 4991
5417 5418 4994
5418 5419 4996
5419 5420 4995
5420 5421 5000
5421 5422 4997
5422 5423 4997
5423 5424 4991
5424 5425 4996
5425 5426 4991
5426 5427 4997
5427 5428 4999
5428 5429 4992
5429 5430 4996
5430 5431 4991
5431 5432 4996
5432 5433 4995
5433 5434 4996
5434 5435 4995
5435 5436 5000
5436 5437 4994
5437 5438 4996
5438 5439 4995
5439 5440 5000
5440 5441 4998
5441 5442 4991
5442 5443 4993
5443 5444 4999
5444 5445 4992
5445 5446 4995
5446 5447 4994
5447 5448 4996
5448 5449 4991
5449 5450 4998
5450 5451 4994
5451 5452 4998
5452 5453 4990
5453 5454 4997
5454 5455 4993
5455 5456 4996
5456 5457 4995
5457 5458 4996
5458 5459 4992
5459 5460 4992
5460 5461 4992
5461 5462 4993
5462 5463 4990
5463 5464 4999
5464 5465 4999
5465 5466 4997
5466 5467 4994
5467 5468 4995
5468 5469 4992
5469 5470 4994
5470 5471 4994
5471 5472 4999
5472 5473 4996
5473 5474 4994
5474 5475 4992
5475 5476 4991
5476 5477 4998
5477 5478 4997
5478 5479 4997
5479 5480 4991
5480 5481 4995
5481 5482 4990
5482 5483 4996
5483 5484 4994
5484 5485 4998
5485 5486 4990
5486 5487 4999
5487 5488 4995
5488 5489 4995
5489 5490 4992
5490 5491 4993
5491 5492 5000
5492 5493 4991
5493 5494 4996
5494 5495 4998
5495 5496 4996
5496 5497 4995
5497 5498 4994
5498 5499 4996
5499 5500 4993
5500 5501 4993
5501 5502 5000
5502 5503 4996
5503 5504 4992
5504 5505 5000
5505 5506 4991
5506 5507 4992
5507 5508 4994
5508 5509 4994
5509 5510 4991
5510 5511 4997
5511 5512 4996
5512 5513 4991
5513 5514 4996
5514 5515 4991
5515 5516 4992
5516 5517 4995
5517 5518 4994
5518 5519 4997
5519 5520 4999
5520 5521 5000
5521 5522 5000
5522 5523 5000
5523 5524 5000
5524 5525 5000
5525 5526 4994
5526 5527 4990
5527 5528 4996
5528 5529 4996
5529 5530 4999
5530 5531 4990
5531 5532 4996
5532 5533 4991
5533 5534 4995
5534 5535 4991
5535 5536 4994
5536 5537 4997
5537 5538 4991
5538 5539 4995
5539 5540 4994
5540 5541 4996
5541 5542 4995
5542 5543 4998
5543 5544 4996
5544 5545 4993
5545 5546 4999
5546 5547 5000
5547 5548 4999
5548 5549 5000
5549 5550 5000
5550 5551 4996
5551 5552 4998
5552 5553 4992
5553 5554 4992
5554 5555 4998
5555 5556 4999
5556 5557 4999
5557 5558 4994
5558 5559 4996
5559 5560 5000
5560 5561 5000
5561 5562 4997
5562 5563 4999
5563 5564 5000
5564 5565 4994
5565 5566 4994
5566 5567 4996
5567 5568 4996
5568 5569 4998
5569 5570 4997
5570 5571 4996
5571 5572 4990
5572 5573 4992
5573 5574 4998
5574 5575 4995
5575 5576 4991
5576 5577 4990
5577 5578 4996
5578 5579 4999
5579 5580 4993
5580 5581 4998
5581 5582 4998
5582 5583 4996
5583 5584 4995
5584 5585 4996
5585 5586 4993
5586 5587 5000
5587 5588 4994
5588 5589 4997
5589 5590 4999
5590 5591 4997
5591 5592 4990
5592 5593 4998
5593 5594 4998
5594 5595 4998
5595 5596 4990
5596 5597 4993
5597 5598 4990
5598 5599 4998
5599 5600 4993
5600 5601 4990
5601 5602 4990
5602 5603 4996
5603 5604 4995
5604 5605 4994
5605 5606 4997
5606 5607 4993
5607 5608 4993
5608 5609 4991
5609 5610 4991
5610 5611 5000
5611 5612 4996
5612 5613 4992
5613 5614 4998
5614 5615 4998
5615 5616 4999
5616 5617 4990
5617 5618 4997
5618 5619 4992
5619 5620 4997
5620 5621 4994
5621 5622 4993
5622 5623 4991
5623 5624 4993
5624 5625 4998
5625 5626 4991
5626 5627 4998
5627 5628 4994
5628 5629 4995
5629 5630 5000
5630 5631 4994
5631 5632 5000
5632 5633 4990
5633 5634 4996
5634 5635 4991
5635 5636 4996
5636 5637 4996
5637 5638 4996
5638 5639 4999
5639 5640 4996
5640 5641 4995
5641 5642 4992
5642 5643 4993
5643 5644 4996
5644 5645 4999
5645 5646 4994
5646 5647 4991
5647 5648 4999
5648 5649 4998
5649 5650 4997
5650 5651 4995
5651 5652 4990
5652 5653 4992
5653 5654 5000
5654 5655 4994
5655 5656 5000
5656 5657 4993
5657 5658 4991
5658 5659 4998
5659 5660 4996
5660 5661 4992
5661 5662 4998
5662 5663 4991
5663 5664 4991
5664 5665 4991
5665 5666 5000
5666 5667 4999
5667 5668 4994
5668 5669 4990
5669 5670 4996
5670 5671 5000
5671 5672 4992
5672 5673 4992
5673 5674 4991
5674 5675 5000
5675 5676 4992
5676 5677 4996
5677 5678 4997
5678 5679 4993
5679 5680 4992
5680 5681 4997
5681 5682 5000
5682 5683 4995
5683 5684 4998
5684 5685 4993
5685 5686 5000
5686 5687 4991
5687 5688 4996
5688 5689 4991
5689 5690 4992
5690 5691 4990
5691 5692 4991
5692 5693 5000
5693 5694 4993
5694 5695 4990
5695 5696 5000
5696 5697 4993
5697 5698 4990
5698 5699 4992
5699 5700 4993
5700 5701 4995
5701 5702 4990
5702 5703 4994
5703 5704 4999
5704 5705 4998
5705 5706 4998
5706 5707 4996
5707 5708 4998
5708 5709 4992
5709 5710 4998
5710 5711 4992
5711 5712 4998
5712 5713 4995
5713 5714 4994
5714 5715 4996
5715 5716 4996
5716 5717 4995
5717 5718 4999
5718 5719 4994
5719 5720 4994
5720 5721 4998
5721 5722 4994
5722 5723 4991
5723 5724 4990
5724 5725 4992
5725 5726 4991
5726 5727 4990
5727 5728 4997
5728 5729 4991
5729 5730 4993
5730 5731 4997
5731 5732 4990
5732 5733 5000
5733 5734 5000
5734 5735 4998
5735 5736 4990
5736 5737 4999
5737 5738 4992
5738 5739 4991
5739 5740 4992
5740 5741 4997
5741 5742 4999
5742 5743 4999
5743 5744 4993
5744 5745 5000
5745 5746 4999
5746 5747 4995
5747 5748 4993
5748 5749 4997
5749 5750 4996
5750 5751 4998
5751 5752 4998
5752 5753 4999
5753 5754 4997
5754 5755 5000
5755 5756 4996
5756 5757 4999
5757 5758 4997
5758 5759 4993
5759 5760 4999
5760 5761 4995
5761 5762 4995
5762 5763 4998
5763 5764 4994
5764 5765 4998
5765 5766 4998
5766 5767 4995
5767 5768 4993
5768 5769 4994
5769 5770 4994
5770 5771 4993
5771 5772 4996
5772 5773 4995
5773 5774 4996
5774 5775 4998
5775 5776 4997
5776 5777 4999
5777 5778 4991
5778 5779 4999
5779 5780 4996
5780 5781 4993
5781 5782 4990
5782 5783 4993
5783 5784 4996
5784 5785 4994
5785 5786 4994
5786 5787 4994
5787 5788 4991
5788 5789 4994
5789 5790 4995
5790 5791 4997
5791 5792 4997
5792 5793 4994
5793 5794 4997
5794 5795 4994
5795 5796 4992
5796 5797 4990
5797 5798 4993
5798 5799 4998
5799 5800 4990
5800 5801 4998
5801 5802 4991
5802 5803 4992
5803 5804 4998
5804 5805 4996
5805 5806 5000
5806 5807 4990
5807 5808 4990
5808 5809 4992
5809 5810 4996
5810 5811 4994
5811 5812 4997
5812 5813 4991
5813 5814 4993
5814 5815 4997
5815 5816 4991
5816 5817 4990
5817 5818 4991
5818 5819 4996
5819 5820 4996
5820 5821 4991
5821 5822 5000
5822 5823 4994
5823 5824 4998
5824 5825 4995
5825 5826 4991
5826 5827 4999
5827 5828 4990
5828 5829 4996
5829 5830 5000
5830 5831 5000
5831 5832 4990
5832 5833 4997
5833 5834 4990
5834 5835 4992
5835 5836 4998
5836 5837 4995
5837 5838 4997
5838 5839 4999
5839 5840 4999
5840 5841 4995
5841 5842 4991
5842 5843 4996
5843 5844 4990
5844 5845 4996
5845 5846 4990
5846 5847 4990
5847 5848 4996
5848 5849 4996
5849 5850 4994
5850 5851 4990
5851 5852 5000
5852 5853 4994
5853 5854 4999
5854 5855 5000
5855 5856 4995
5856 5857 4991
5857 5858 4998
5858 5859 4997
5859 5860 4998
5860 5861 4993
5861 5862 4991
5862 5863 4991
5863 5864 4997
5864 5865 4991
5865 5866 4993
5866 5867 4995
5867 5868 4990
5868 5869 4995
5869 5870 4990
5870 5871 4999
5871 5872 4993
5872 5873 4996
5873 5874 4999
5874 5875 4995
5875 5876 4993
5876 5877 5000
5877 5878 4992
5878 5879 4998
5879 5880 4991
5880 5881 4995
5881 5882 4997
5882 5883 5000
5883 5884 4998
5884 5885 4997
5885 5886 4992
5886 5887 4996
5887 5888 4997
5888 5889 4991
5889 5890 5000
5890 5891 4997
5891 5892 4995
5892 5893 4994
5893 5894 4999
5894 5895 4997
5895 5896 4999
5896 5897 4999
5897 5898 4997
5898 5899 5000
5899 5900 4993
5900 5901 4999
5901 5902 4997
5902 5903 4999
5903 5904 4994
5904 5905 4999
5905 5906 4991
5906 5907 4999
5907 5908 4996
5908 5909 4993
5909 5910 4993
5910 5911 4993
5911 5912 4998
5912 5913 4993
5913 5914 4991
5914 5915 4996
5915 5916 4994
5916 5917 4991
5917 5918 4990
5918 5919 4991
5919 5920 4991
5920 5921 4992
5921 5922 4990
5922 5923 4990
5923 5924 4995
5924 5925 4991
5925 5926 4997
5926 5927 4999
5927 5928 5000
5928 5929 4990
5929 5930 4998
5930 5931 4995
5931 5932 4996
5932 5933 4996
5933 5934 4994
5934 5935 4993
5935 5936 4994
5936 5937 4991
5937 5938 4997
5938 5939 4995
5939 5940 4996
5940 5941 4994
5941 5942 4992
5942 5943 4996
5943 5944 4999
5944 5945 5000
5945 5946 4990
5946 5947 4998
5947 5948 4992
5948 5949 4992
5949 5950 4996
5950 5951 4999
5951 5952 4990
5952 5953 4998
5953 5954 4991
5954 5955 4999
5955 5956 4996
5956 5957 4993
5957 5958 4998
5958 5959 4996
5959 5960 4997
5960 5961 4998
5961 5962 4990
5962 5963 4990
5963 5964 5000
5964 5965 4998
5965 5966 4993
5966 5967 5000
5967 5968 4994
5968 5969 4995
5969 5970 4993
5970 5971 5000
5971 5972 4995
5972 5973 4991
5973 5974 4994
5974 5975 4992
5975 5976 4999
5976 5977 4991
5977 5978 4990
5978 5979 4992
5979 5980 4997
5980 5981 4996
5981 5982 4996
5982 5983 5000
5983 5984 4995
5984 5985 4999
5985 5986 4994
5986 5987 4996
5987 5988 4993
5988 5989 4994
5989 5990 4998
5990 5991 4996
5991 5992 4991
5992 5993 4993
5993 5994 4992
5994 5995 4992
5995 5996 4995
5996 5997 4992
5997 5998 4993
5998 5999 4996
5999 6000 5000
