1
6000
1 2 1266
2 3 4045
1 4 4245
3 5 1297
2 6 1153
4 7 306
6 8 575
6 9 4541
6 10 5
6 11 2070
8 12 259
6 13 775
9 14 3017
10 15 486
9 16 4034
8 17 2954
17 18 2090
18 19 2609
19 20 3968
11 21 1317
20 22 210
20 23 2081
22 24 607
15 25 2348
22 26 2388
20 27 4318
27 28 4344
27 29 2721
29 30 2271
28 31 2843
23 32 2822
24 33 869
25 34 2145
27 35 3310
26 36 3441
32 37 2129
36 38 2836
33 39 1046
37 40 4251
34 41 1925
37 42 1542
34 43 1516
43 44 1365
43 45 272
45 46 3792
45 47 2733
46 48 2892
42 49 2763
43 50 3053
48 51 2018
43 52 2612
48 53 567
45 54 4509
49 55 4016
55 56 2941
49 57 1079
49 58 2841
53 59 79
50 60 730
53 61 2675
52 62 3821
62 63 3995
61 64 3269
61 65 859
60 66 4929
61 67 81
59 68 1404
68 69 2685
69 70 3126
61 71 2725
71 72 816
70 73 708
70 74 448
70 75 715
71 76 2606
73 77 3770
75 78 4390
72 79 4299
77 80 4868
72 81 1926
76 82 1611
80 83 4477
83 84 306
80 85 4430
81 86 3436
79 87 16
81 88 2719
86 89 3563
87 90 670
89 91 744
82 92 746
86 93 4740
87 94 3868
89 95 4297
89 96 4601
95 97 4529
92 98 409
97 99 4422
92 100 3293
99 101 3633
98 102 1558
100 103 1918
100 104 3944
103 105 4475
105 106 2636
98 107 2184
99 108 3228
107 109 2976
105 110 3485
109 111 730
105 112 3440
112 113 2127
106 114 2468
111 115 2688
112 116 2671
114 117 3832
114 118 3640
116 119 983
114 120 1509
119 121 1634
114 122 4332
113 123 1624
114 124 4509
123 125 693
118 126 4377
118 127 2897
125 128 2992
123 129 647
126 130 3448
125 131 3226
125 132 938
128 133 2301
125 134 3056
125 135 4367
132 136 4228
130 137 4895
130 138 181
138 139 4644
136 140 1656
139 141 2673
139 142 1656
135 143 3975
139 144 399
143 145 740
138 146 3674
143 147 3399
145 148 3465
141 149 138
147 150 2287
145 151 1704
149 152 818
152 153 1447
147 154 22
150 155 1436
155 156 3109
148 157 4601
154 158 520
153 159 3153
155 160 2933
157 161 2868
157 162 332
159 163 128
158 164 3372
158 165 4705
158 166 1936
164 167 394
162 168 3450
167 169 3030
165 170 2742
162 171 4614
170 172 721
166 173 3563
170 174 93
167 175 231
169 176 1699
168 177 2629
172 178 1040
177 179 4788
176 180 1212
176 181 3247
181 182 4212
175 183 2501
183 184 2862
175 185 311
180 186 67
182 187 80
186 188 3964
181 189 550
185 190 953
188 191 3900
185 192 1046
187 193 584
191 194 84
192 195 3533
195 196 2972
187 197 2930
191 198 1634
193 199 770
195 200 412
193 201 621
198 202 1015
194 203 3041
201 204 3761
202 205 7
203 206 1970
197 207 2382
199 208 3645
202 209 4259
205 210 1332
201 211 1466
203 212 1646
210 213 621
212 214 3644
214 215 1619
214 216 723
208 217 4691
215 218 4164
215 219 4553
215 220 3917
211 221 95
218 222 3957
222 223 2543
215 224 547
221 225 569
216 226 963
225 227 2827
224 228 535
227 229 4295
220 230 3592
225 231 2214
222 232 316
230 233 1367
225 234 1246
226 235 69
235 236 427
233 237 4470
233 238 2268
229 239 3179
230 240 305
232 241 4659
237 242 507
241 243 2
234 244 3066
244 245 3475
243 246 726
242 247 3993
241 248 283
241 249 4040
242 250 513
250 251 4614
242 252 3695
244 253 1434
244 254 3602
245 255 1307
249 256 799
253 257 3241
254 258 186
252 259 1383
256 260 2766
254 261 1217
259 262 1379
255 263 4982
258 264 1831
260 265 182
259 266 2346
259 267 2043
261 268 2607
264 269 2364
263 270 727
268 271 208
268 272 3356
271 273 3943
264 274 3467
266 275 3474
269 276 1468
271 277 4032
277 278 907
272 279 1012
275 280 4134
272 281 2270
274 282 454
277 283 251
281 284 3734
283 285 1907
277 286 1038
280 287 2576
285 288 1027
287 289 504
283 290 1412
289 291 3409
291 292 4344
287 293 3136
288 294 1693
292 295 2526
288 296 720
290 297 2878
294 298 4109
291 299 2702
291 300 2602
300 301 4322
301 302 3357
293 303 3059
296 304 4769
300 305 1254
296 306 367
299 307 1418
304 308 2254
308 309 2654
306 310 2263
302 311 3162
302 312 2578
306 313 4163
311 314 1370
311 315 3079
314 316 721
309 317 4669
308 318 4226
316 319 2665
314 320 4601
319 321 1029
318 322 2579
318 323 1304
316 324 3212
321 325 3993
325 326 3428
321 327 2493
324 328 276
321 329 2714
323 330 2110
322 331 1968
322 332 3868
328 333 4587
327 334 3266
326 335 3414
329 336 788
332 337 2030
336 338 1521
338 339 317
331 340 3035
334 341 4162
341 342 3765
333 343 3149
341 344 955
335 345 810
337 346 4693
341 347 3725
338 348 3394
348 349 4823
345 350 3340
342 351 3901
344 352 3281
343 353 2168
346 354 3334
349 355 3358
355 356 1030
348 357 2888
354 358 4753
354 359 3036
357 360 4448
351 361 3083
352 362 4919
356 363 1687
361 364 3578
356 365 4598
358 366 4328
358 367 3610
365 368 2008
361 369 827
367 370 294
367 371 2485
363 372 2582
368 373 4437
368 374 3224
365 375 2248
370 376 1361
368 377 3176
374 378 3408
370 379 4956
379 380 4300
378 381 1320
376 382 4767
379 383 3315
374 384 3898
381 385 1410
376 386 3813
377 387 2372
384 388 1477
388 389 677
380 390 3562
390 391 2227
384 392 2781
384 393 28
387 394 80
387 395 4497
389 396 297
391 397 1633
392 398 4267
395 399 2197
396 400 4382
399 401 209
399 402 2465
394 403 2551
396 404 4004
403 405 2081
400 406 623
399 407 3351
406 408 1735
401 409 4902
408 410 2961
410 411 4434
403 412 169
404 413 1425
408 414 4015
408 415 2541
412 416 3364
413 417 326
410 418 501
414 419 4970
411 420 53
414 421 3911
421 422 2608
420 423 596
416 424 2699
422 425 2790
425 426 4041
423 427 2716
424 428 2842
427 429 2176
426 430 1454
424 431 3285
430 432 736
432 433 131
425 434 1584
431 435 756
426 436 494
430 437 2824
428 438 3287
438 439 1188
431 440 1792
432 441 2727
437 442 1937
439 443 2098
441 444 3898
443 445 4711
439 446 1394
438 447 348
444 448 3542
448 449 2241
449 450 195
448 451 475
446 452 3066
448 453 598
447 454 4541
454 455 57
451 456 2817
450 457 527
452 458 1035
453 459 1139
457 460 1661
457 461 1088
452 462 2152
454 463 189
459 464 2140
461 465 815
464 466 4930
459 467 1751
465 468 521
468 469 1406
466 470 1641
464 471 679
469 472 1352
472 473 219
467 474 2697
474 475 955
472 476 2434
467 477 2783
470 478 549
469 479 3171
473 480 4980
475 481 213
477 482 4842
476 483 1682
483 484 3318
480 485 867
482 486 682
485 487 1506
484 488 1924
483 489 615
485 490 3428
490 491 3563
486 492 857
487 493 2952
492 494 867
490 495 4957
486 496 3172
487 497 2719
488 498 573
494 499 710
499 500 2956
500 501 952
493 502 1263
498 503 249
499 504 3986
498 505 4858
498 506 3048
504 507 374
501 508 3786
500 509 3696
501 510 2546
505 511 928
511 512 4295
505 513 4683
510 514 2629
506 515 2017
508 516 3498
516 517 2962
510 518 2128
509 519 4968
518 520 425
513 521 2942
516 522 468
513 523 3245
519 524 2555
517 525 2700
521 526 429
520 527 4072
524 528 751
526 529 1340
526 530 2124
521 531 1036
531 532 2093
525 533 1669
530 534 1060
532 535 1910
527 536 1441
534 537 477
532 538 3703
535 539 4131
530 540 574
537 541 534
540 542 1626
534 543 2715
543 544 2030
543 545 4576
541 546 1290
544 547 2494
546 548 4533
548 549 4043
543 550 4271
550 551 4213
547 552 1455
546 553 1013
550 554 4751
552 555 404
549 556 2603
548 557 512
550 558 1916
555 559 4591
550 560 1516
555 561 1654
558 562 3318
558 563 2594
561 564 2127
557 565 4675
561 566 3901
563 567 2321
561 568 3855
566 569 4782
563 570 2476
568 571 1909
563 572 304
568 573 210
564 574 1601
565 575 1003
567 576 3476
567 577 3293
568 578 2560
573 579 2331
574 580 2913
571 581 536
581 582 2772
580 583 3627
575 584 266
578 585 4535
580 586 4180
586 587 3115
587 588 4126
588 589 2193
588 590 1723
590 591 3793
588 592 2869
588 593 2058
584 594 3589
586 595 2318
587 596 4707
587 597 458
593 598 1973
595 599 1105
595 600 2722
600 601 720
593 602 4631
595 603 4263
594 604 81
600 605 4285
597 606 178
601 607 3428
604 608 2739
606 609 3705
608 610 4608
606 611 3600
603 612 2903
611 613 2410
607 614 3120
608 615 1692
607 616 453
613 617 3054
609 618 1912
618 619 183
614 620 850
614 621 381
614 622 2416
616 623 249
622 624 136
618 625 70
617 626 1941
624 627 114
618 628 8
626 629 3417
620 630 1697
625 631 1049
624 632 2776
625 633 1006
626 634 2422
626 635 2888
634 636 1136
632 637 1713
633 638 1751
633 639 4176
632 640 4378
634 641 3417
637 642 927
640 643 2466
636 644 3494
642 645 3022
639 646 747
638 647 3682
644 648 657
648 649 3409
646 650 505
644 651 287
646 652 1323
651 653 2994
649 654 3728
651 655 2733
650 656 2358
649 657 2819
652 658 4672
656 659 3955
655 660 2718
659 661 1842
658 662 2894
658 663 1254
657 664 2132
658 665 2620
659 666 1779
657 667 3546
667 668 1337
668 669 2926
662 670 1796
667 671 1809
668 672 2048
667 673 727
667 674 4866
672 675 4881
669 676 1822
676 677 1816
670 678 4113
670 679 2513
671 680 1986
678 681 254
676 682 3112
679 683 651
680 684 387
684 685 478
680 686 3812
684 687 1829
687 688 4989
681 689 1374
682 690 1250
684 691 127
691 692 3362
683 693 2672
684 694 1426
694 695 3796
692 696 2697
696 697 745
693 698 2338
693 699 4530
691 700 47
692 701 1155
694 702 1054
698 703 1703
703 704 1310
699 705 3251
700 706 2854
697 707 4507
703 708 2521
701 709 3669
702 710 1696
710 711 1152
705 712 3951
705 713 3859
706 714 2674
707 715 1988
715 716 976
709 717 528
709 718 3372
714 719 718
719 720 11
718 721 4523
719 722 1343
721 723 1121
719 724 304
715 725 20
723 726 3628
722 727 774
723 728 4040
722 729 3787
726 730 1310
730 731 3305
723 732 1722
728 733 255
727 734 4420
734 735 1730
731 736 4814
727 737 4060
737 738 1364
736 739 152
736 740 1849
734 741 2105
736 742 3796
736 743 3636
738 744 4980
735 745 2113
744 746 3880
744 747 1406
740 748 3610
743 749 2081
749 750 4403
745 751 3747
748 752 16
752 753 1282
751 754 3777
751 755 3885
755 756 1067
750 757 2478
752 758 3011
750 759 1989
754 760 573
759 761 2992
755 762 2093
757 763 3986
761 764 3961
761 765 3740
757 766 4050
758 767 428
759 768 4201
763 769 3806
760 770 265
764 771 4359
766 772 4343
765 773 3053
771 774 3009
770 775 2695
773 776 321
776 777 569
777 778 4969
770 779 1946
779 780 3943
773 781 3902
781 782 2513
776 783 2546
774 784 1867
784 785 1228
784 786 2875
777 787 769
778 788 1391
779 789 3975
781 790 4493
787 791 817
786 792 697
786 793 4341
784 794 4283
792 795 4604
790 796 2962
789 797 1062
790 798 3021
793 799 3340
795 800 526
792 801 1759
792 802 1805
801 803 1991
796 804 1611
796 805 765
804 806 2663
802 807 1669
803 808 4389
800 809 2952
800 810 3262
801 811 1173
811 812 4556
804 813 4718
805 814 2613
813 815 2878
809 816 3549
815 817 4981
814 818 2637
816 819 2096
816 820 1176
817 821 393
812 822 1667
817 823 4576
817 824 2672
822 825 4351
821 826 3998
818 827 4432
819 828 4886
824 829 184
821 830 2882
829 831 4116
828 832 4769
826 833 2466
832 834 2914
828 835 805
827 836 503
829 837 3131
834 838 4847
832 839 2629
838 840 2375
833 841 334
835 842 3688
834 843 1125
839 844 3230
844 845 4361
837 846 3261
844 847 4714
846 848 1496
847 849 3245
845 850 413
848 851 413
846 852 2816
845 853 2624
845 854 3917
851 855 2926
854 856 4657
853 857 4513
855 858 4818
855 859 3356
856 860 1625
859 861 2122
856 862 322
861 863 3671
861 864 1637
856 865 92
857 866 4447
862 867 1310
867 868 106
861 869 4664
861 870 3776
861 871 830
863 872 959
863 873 1986
866 874 902
869 875 206
875 876 2759
870 877 1100
873 878 1505
878 879 1770
878 880 776
877 881 4335
879 882 1217
879 883 2665
881 884 3310
881 885 3011
883 886 1540
881 887 316
880 888 4672
885 889 2969
889 890 1553
887 891 4855
884 892 4891
886 893 3813
885 894 453
894 895 2998
889 896 3492
894 897 4878
888 898 810
898 899 4098
898 900 400
895 901 3694
894 902 4734
901 903 841
903 904 3769
902 905 3019
901 906 3716
898 907 3140
901 908 4379
904 909 4343
900 910 3974
908 911 3647
908 912 3926
910 913 3942
908 914 3749
907 915 4583
915 916 2971
909 917 158
915 918 3664
914 919 449
912 920 1059
913 921 4085
912 922 591
917 923 1827
914 924 2758
921 925 1848
919 926 3314
920 927 562
921 928 28
924 929 406
926 930 2474
921 931 4719
927 932 1056
924 933 1488
926 934 3538
928 935 281
926 936 1058
930 937 878
930 938 4695
937 939 3744
936 940 137
933 941 1183
934 942 1215
937 943 2491
936 944 3446
937 945 2647
941 946 3371
944 947 1289
940 948 2248
945 949 3523
945 950 2416
946 951 2047
944 952 1437
950 953 528
951 954 1760
953 955 1055
953 956 2130
949 957 1740
954 958 3898
952 959 3923
956 960 1417
951 961 151
955 962 2705
960 963 4258
958 964 2643
960 965 2375
961 966 4750
964 967 1537
964 968 1621
959 969 1311
962 970 2645
961 971 4283
966 972 950
965 973 47
968 974 151
968 975 3505
969 976 3472
972 977 2823
974 978 3834
973 979 2100
977 980 2116
978 981 117
975 982 1089
977 983 1539
975 984 1372
984 985 1886
976 986 1759
983 987 2391
980 988 878
980 989 2460
983 990 3466
981 991 3022
982 992 4087
990 993 1072
988 994 535
992 995 3296
989 996 373
993 997 1791
992 998 3574
996 999 3156
993 1000 1352
996 1001 3595
998 1002 4899
994 1003 685
998 1004 2197
999 1005 1149
998 1006 1109
1003 1007 1097
1005 1008 4413
1004 1009 2904
1004 1010 4125
1005 1011 3038
1005 1012 4098
1006 1013 3617
1004 1014 2997
1010 1015 2631
1011 1016 1218
1010 1017 4317
1012 1018 3777
1018 1019 1471
1017 1020 2386
1011 1021 3871
1016 1022 1668
1013 1023 1511
1014 1024 352
1019 1025 1672
1018 1026 476
1023 1027 2458
1018 1028 2388
1023 1029 2211
1029 1030 167
1026 1031 3131
1025 1032 3021
1032 1033 901
1033 1034 3472
1030 1035 2478
1034 1036 1608
1030 1037 4602
1032 1038 4302
1033 1039 4843
1032 1040 317
1034 1041 1416
1034 1042 3031
1038 1043 3549
1036 1044 2301
1035 1045 3266
1040 1046 434
1043 1047 175
1043 1048 2258
1045 1049 26
1041 1050 4415
1041 1051 3584
1045 1052 4291
1051 1053 486
1050 1054 1600
1054 1055 2113
1052 1056 2051
1054 1057 1810
1055 1058 343
1053 1059 174
1053 1060 460
1055 1061 4762
1058 1062 4206
1060 1063 3729
1058 1064 1801
1058 1065 4913
1065 1066 43
1065 1067 2935
1059 1068 4221
1064 1069 3659
1064 1070 2725
1070 1071 1959
1065 1072 2411
1069 1073 3482
1072 1074 1916
1074 1075 116
1067 1076 409
1076 1077 1778
1073 1078 2391
1075 1079 1949
1077 1080 347
1079 1081 2203
1077 1082 625
1073 1083 2108
1076 1084 332
1076 1085 528
1078 1086 1280
1079 1087 2577
1086 1088 4537
1088 1089 3874
1087 1090 3395
1089 1091 4130
1086 1092 3817
1085 1093 4414
1088 1094 1765
1094 1095 1161
1088 1096 645
1087 1097 2232
1095 1098 4959
1098 1099 2197
1093 1100 4001
1096 1101 636
1092 1102 4554
1097 1103 1807
1096 1104 4523
1103 1105 3033
1101 1106 3893
1105 1107 4142
1098 1108 1488
1104 1109 3022
1102 1110 4523
1109 1111 62
1111 1112 3607
1110 1113 562
1113 1114 4804
1105 1115 3594
1110 1116 945
1107 1117 1051
1110 1118 3376
1113 1119 2472
1110 1120 1088
1112 1121 4803
1120 1122 1765
1117 1123 2455
1122 1124 1566
1120 1125 3536
1122 1126 3155
1123 1127 3409
1126 1128 1520
1126 1129 1223
1121 1130 1309
1122 1131 1938
1128 1132 3645
1127 1133 117
1132 1134 1939
1130 1135 3353
1131 1136 3715
1136 1137 3354
1137 1138 2522
1129 1139 615
1133 1140 4149
1136 1141 3806
1132 1142 556
1136 1143 3215
1134 1144 3805
1142 1145 365
1136 1146 133
1138 1147 2961
1146 1148 2285
1141 1149 1262
1149 1150 1924
1147 1151 4584
1149 1152 4293
1149 1153 911
1147 1154 2670
1148 1155 2894
1148 1156 3155
1151 1157 1167
1150 1158 1478
1154 1159 999
1157 1160 678
1156 1161 3114
1154 1162 64
1154 1163 2501
1154 1164 4380
1160 1165 105
1159 1166 3123
1158 1167 2499
1163 1168 2069
1164 1169 343
1162 1170 1997
1169 1171 2647
1171 1172 1356
1165 1173 1110
1169 1174 2319
1172 1175 2280
1167 1176 4488
1172 1177 4219
1172 1178 4110
1170 1179 2415
1178 1180 845
1174 1181 481
1175 1182 4741
1178 1183 2132
1177 1184 575
1182 1185 4405
1180 1186 661
1181 1187 1176
1181 1188 1641
1183 1189 2339
1185 1190 4770
1183 1191 2430
1186 1192 2251
1187 1193 413
1189 1194 664
1185 1195 3933
1193 1196 504
1190 1197 1302
1196 1198 3843
1191 1199 4651
1195 1200 3004
1198 1201 1975
1195 1202 1357
1199 1203 216
1196 1204 1110
1199 1205 4495
1197 1206 4568
1200 1207 4890
1206 1208 2116
1205 1209 3358
1206 1210 3652
1207 1211 1024
1209 1212 2256
1209 1213 3190
1210 1214 3957
1214 1215 480
1211 1216 1850
1215 1217 3508
1209 1218 1563
1210 1219 667
1210 1220 3077
1218 1221 1952
1214 1222 3839
1218 1223 4678
1222 1224 4012
1216 1225 4009
1222 1226 3077
1221 1227 2010
1225 1228 1728
1223 1229 2788
1221 1230 1176
1224 1231 1059
1222 1232 866
1223 1233 2565
1227 1234 2555
1226 1235 1339
1230 1236 1811
1236 1237 344
1236 1238 1562
1234 1239 2262
1236 1240 777
1234 1241 1558
1236 1242 4243
1233 1243 4318
1237 1244 4850
1241 1245 4597
1241 1246 4605
1240 1247 4547
1246 1248 2794
1245 1249 4372
1247 1250 1484
1247 1251 1898
1242 1252 1122
1248 1253 1161
1250 1254 488
1254 1255 2972
1246 1256 4134
1252 1257 1762
1256 1258 1299
1257 1259 2065
1259 1260 908
1251 1261 1403
1252 1262 2151
1259 1263 1047
1258 1264 1181
1264 1265 2808
1261 1266 2162
1259 1267 1561
1267 1268 4116
1262 1269 3271
1265 1270 2435
1262 1271 2191
1262 1272 4867
1268 1273 3334
1272 1274 302
1265 1275 2644
1267 1276 1706
1273 1277 246
1277 1278 4565
1269 1279 4289
1271 1280 4804
1271 1281 3187
1279 1282 1774
1282 1283 1870
1281 1284 4742
1284 1285 4376
1284 1286 1397
1278 1287 2997
1281 1288 2925
1283 1289 3011
1280 1290 2697
1289 1291 2537
1286 1292 2856
1291 1293 2314
1290 1294 189
1287 1295 2658
1295 1296 1870
1293 1297 3019
1297 1298 2759
1290 1299 3696
1290 1300 3674
1295 1301 3622
1294 1302 598
1293 1303 2726
1294 1304 3323
1300 1305 2326
1301 1306 2479
1297 1307 3693
1299 1308 3781
1300 1309 77
1307 1310 370
1301 1311 4155
1304 1312 2365
1309 1313 1582
1311 1314 1106
1310 1315 208
1313 1316 699
1315 1317 3772
1317 1318 78
1313 1319 4078
1311 1320 1906
1318 1321 1828
1320 1322 2801
1321 1323 223
1316 1324 1405
1322 1325 4232
1316 1326 1888
1325 1327 2713
1321 1328 2653
1319 1329 765
1321 1330 4149
1328 1331 4592
1326 1332 307
1328 1333 606
1329 1334 3997
1333 1335 4505
1328 1336 4357
1331 1337 2518
1335 1338 221
1334 1339 4985
1338 1340 177
1340 1341 554
1336 1342 1286
1342 1343 1571
1343 1344 248
1338 1345 2739
1344 1346 4543
1343 1347 2735
1343 1348 277
1344 1349 2906
1341 1350 132
1342 1351 658
1350 1352 513
1349 1353 3902
1351 1354 3924
1347 1355 2035
1352 1356 3635
1354 1357 2562
1356 1358 4409
1354 1359 1086
1357 1360 1836
1354 1361 308
1361 1362 2051
1361 1363 2229
1357 1364 4198
1363 1365 2735
1362 1366 74
1358 1367 2379
1362 1368 2146
1366 1369 4371
1360 1370 3198
1365 1371 1412
1362 1372 2525
1367 1373 4607
1364 1374 4683
1370 1375 3913
1367 1376 1664
1368 1377 4351
1370 1378 3971
1369 1379 2032
1375 1380 678
1380 1381 2902
1376 1382 477
1380 1383 4967
1383 1384 1763
1382 1385 738
1385 1386 2574
1385 1387 3677
1387 1388 925
1380 1389 2626
1387 1390 2504
1384 1391 771
1384 1392 4851
1392 1393 4096
1389 1394 4248
1393 1395 1412
1393 1396 1934
1391 1397 3969
1389 1398 4855
1398 1399 2779
1399 1400 2948
1394 1401 990
1399 1402 3485
1397 1403 1914
1394 1404 278
1395 1405 4980
1403 1406 3642
1400 1407 487
1403 1408 2717
1402 1409 2768
1403 1410 2708
1401 1411 3599
1406 1412 3238
1403 1413 564
1404 1414 2606
1411 1415 1956
1415 1416 4698
1410 1417 1238
1416 1418 3485
1413 1419 394
1412 1420 570
1413 1421 124
1421 1422 2476
1415 1423 677
1417 1424 4251
1421 1425 3506
1418 1426 4994
1417 1427 3888
1420 1428 4849
1419 1429 4263
1421 1430 2882
1426 1431 1288
1426 1432 1720
1427 1433 1432
1431 1434 4822
1426 1435 4187
1426 1436 3021
1427 1437 3647
1436 1438 3796
1429 1439 4205
1435 1440 4972
1438 1441 1017
1438 1442 2562
1434 1443 2572
1436 1444 227
1437 1445 3544
1443 1446 1553
1441 1447 1707
1445 1448 1844
1445 1449 1481
1446 1450 4874
1441 1451 830
1444 1452 2410
1444 1453 1834
1445 1454 2707
1446 1455 323
1452 1456 4079
1447 1457 2899
1455 1458 1583
1455 1459 2398
1451 1460 3722
1451 1461 3204
1457 1462 3742
1461 1463 2733
1463 1464 3252
1464 1465 2757
1465 1466 1601
1464 1467 3412
1459 1468 19
1460 1469 1091
1460 1470 4274
1469 1471 3827
1462 1472 3584
1470 1473 631
1472 1474 3075
1469 1475 4798
1467 1476 4416
1476 1477 1570
1470 1478 342
1476 1479 505
1473 1480 695
1474 1481 1336
1476 1482 3985
1474 1483 1165
1479 1484 1031
1481 1485 238
1476 1486 4315
1478 1487 4704
1487 1488 4538
1479 1489 2888
1480 1490 1970
1483 1491 2357
1488 1492 1938
1492 1493 2
1487 1494 3599
1485 1495 1431
1491 1496 3955
1490 1497 717
1491 1498 1058
1489 1499 1586
1493 1500 4909
1500 1501 3869
1494 1502 3578
1493 1503 2584
1502 1504 3341
1497 1505 2927
1500 1506 2001
1504 1507 601
1507 1508 4568
1505 1509 221
1507 1510 3989
1510 1511 282
1511 1512 2831
1504 1513 1575
1506 1514 4289
1509 1515 817
1508 1516 1933
1508 1517 4167
1508 1518 516
1509 1519 3093
1511 1520 3174
1512 1521 3709
1518 1522 913
1518 1523 379
1514 1524 4862
1521 1525 3111
1519 1526 4797
1525 1527 2443
1521 1528 4697
1524 1529 2614
1529 1530 2191
1523 1531 1078
1522 1532 2811
1529 1533 845
1532 1534 4389
1533 1535 3930
1531 1536 4135
1536 1537 1572
1535 1538 1078
1530 1539 802
1532 1540 3470
1539 1541 4327
1535 1542 1058
1537 1543 4199
1542 1544 2607
1539 1545 2293
1536 1546 3047
1540 1547 4574
1538 1548 4570
1543 1549 1356
1544 1550 2030
1541 1551 1881
1543 1552 3529
1544 1553 697
1547 1554 3578
1549 1555 4902
1554 1556 4342
1547 1557 440
1557 1558 1334
1556 1559 4931
1552 1560 4395
1560 1561 1903
1561 1562 4894
1560 1563 1769
1560 1564 3767
1560 1565 1254
1563 1566 887
1564 1567 194
1564 1568 3862
1562 1569 276
1567 1570 3836
1568 1571 712
1563 1572 2730
1565 1573 940
1566 1574 2225
1572 1575 1588
1572 1576 3824
1570 1577 1475
1572 1578 2900
1573 1579 2746
1571 1580 2999
1575 1581 857
1578 1582 4224
1575 1583 3709
1580 1584 2569
1581 1585 4038
1585 1586 4935
1580 1587 500
1583 1588 2365
1581 1589 80
1589 1590 4466
1589 1591 4617
1584 1592 3178
1587 1593 2229
1591 1594 4271
1587 1595 3218
1592 1596 3855
1590 1597 4329
1595 1598 3400
1595 1599 4636
1597 1600 779
1599 1601 1274
1592 1602 3544
1596 1603 3266
1601 1604 2630
1598 1605 4063
1604 1606 4027
1603 1607 1289
1601 1608 695
1605 1609 4441
1608 1610 4926
1605 1611 531
1608 1612 86
1609 1613 4735
1610 1614 1046
1614 1615 2869
1607 1616 2997
1616 1617 3796
1617 1618 2414
1617 1619 2393
1613 1620 3237
1611 1621 2977
1617 1622 4006
1618 1623 150
1622 1624 2594
1623 1625 462
1625 1626 2186
1624 1627 132
1621 1628 3627
1627 1629 4947
1626 1630 2130
1625 1631 2384
1631 1632 840
1629 1633 639
1628 1634 1197
1630 1635 2826
1633 1636 2166
1628 1637 3254
1631 1638 4145
1637 1639 4852
1637 1640 4692
1639 1641 1000
1632 1642 279
1642 1643 4491
1635 1644 3363
1643 1645 436
1639 1646 4164
1646 1647 2908
1644 1648 4712
1648 1649 3453
1647 1650 3641
1649 1651 1018
1642 1652 885
1650 1653 4360
1652 1654 1476
1650 1655 131
1648 1656 3380
1654 1657 1530
1656 1658 4471
1656 1659 3159
1656 1660 4328
1657 1661 3711
1657 1662 1344
1659 1663 4635
1661 1664 1253
1663 1665 2287
1664 1666 1831
1658 1667 463
1662 1668 4371
1663 1669 4210
1660 1670 1059
1664 1671 3605
1663 1672 2363
1666 1673 2793
1665 1674 845
1669 1675 1362
1670 1676 137
1672 1677 214
1673 1678 2740
1673 1679 59
1671 1680 238
1679 1681 3428
1680 1682 720
1681 1683 4579
1674 1684 4225
1676 1685 2584
1681 1686 3135
1680 1687 3439
1681 1688 3695
1688 1689 1006
1680 1690 3888
1685 1691 3055
1688 1692 1457
1685 1693 1415
1690 1694 1312
1687 1695 473
1686 1696 1655
1690 1697 342
1689 1698 1451
1691 1699 1575
1697 1700 3499
1696 1701 2608
1694 1702 163
1701 1703 4435
1699 1704 1579
1696 1705 4364
1701 1706 2985
1705 1707 1233
1698 1708 396
1703 1709 1756
1701 1710 3032
1709 1711 3439
1711 1712 313
1703 1713 4244
1706 1714 3870
1714 1715 2967
1710 1716 778
1715 1717 4497
1714 1718 1936
1715 1719 667
1711 1720 2003
1716 1721 4722
1714 1722 3327
1720 1723 4007
1717 1724 4222
1717 1725 2877
1720 1726 2232
1717 1727 3464
1719 1728 3359
1723 1729 3235
1729 1730 4047
1725 1731 2614
1722 1732 4513
1725 1733 1230
1726 1734 1113
1726 1735 3985
1726 1736 3935
1729 1737 1259
1733 1738 3435
1738 1739 2215
1731 1740 1386
1739 1741 3110
1739 1742 2671
1741 1743 4223
1739 1744 728
1744 1745 2916
1736 1746 4246
1737 1747 3805
1738 1748 3209
1746 1749 444
1740 1750 3345
1746 1751 4101
1751 1752 4603
1745 1753 4151
1745 1754 3271
1748 1755 2588
1749 1756 4649
1747 1757 1524
1751 1758 172
1752 1759 4159
1753 1760 2316
1757 1761 2214
1753 1762 855
1753 1763 2704
1761 1764 3158
1761 1765 789
1765 1766 585
1766 1767 1324
1761 1768 2988
1764 1769 4304
1764 1770 3261
1766 1771 4932
1765 1772 141
1771 1773 875
1767 1774 679
1767 1775 1156
1771 1776 3499
1770 1777 1836
1771 1778 2387
1776 1779 2040
1777 1780 1518
1774 1781 1540
1780 1782 1537
1782 1783 3336
1777 1784 4404
1782 1785 4413
1784 1786 3534
1780 1787 2296
1781 1788 1200
1786 1789 3160
1781 1790 3004
1781 1791 2602
1786 1792 3049
1785 1793 550
1787 1794 415
1788 1795 3864
1793 1796 831
1794 1797 459
1789 1798 1470
1794 1799 3916
1797 1800 2976
1799 1801 4201
1795 1802 4823
1800 1803 1307
1794 1804 4236
1797 1805 3560
1800 1806 776
1801 1807 1448
1799 1808 4671
1803 1809 3285
1804 1810 3425
1804 1811 2623
1804 1812 4267
1804 1813 1753
1806 1814 3551
1810 1815 2506
1809 1816 4283
1814 1817 1246
1810 1818 2699
1815 1819 2230
1813 1820 3083
1816 1821 4337
1813 1822 1862
1818 1823 2070
1817 1824 3114
1823 1825 796
1817 1826 1379
1823 1827 3658
1826 1828 3747
1823 1829 3057
1828 1830 3340
1824 1831 4158
1826 1832 2363
1824 1833 4880
1824 1834 2065
1833 1835 640
1827 1836 619
1830 1837 4985
1835 1838 465
1835 1839 1580
1830 1840 3283
1840 1841 1240
1836 1842 3894
1835 1843 530
1840 1844 4095
1837 1845 264
1843 1846 1996
1839 1847 1345
1841 1848 1551
1839 1849 4149
1845 1850 1276
1845 1851 2375
1849 1852 3346
1851 1853 3008
1852 1854 1392
1845 1855 4245
1855 1856 2355
1850 1857 875
1853 1858 4318
1856 1859 2380
1859 1860 2172
1860 1861 3205
1854 1862 958
1861 1863 4201
1857 1864 2560
1855 1865 4485
1861 1866 1235
1858 1867 1715
1858 1868 3212
1861 1869 1183
1861 1870 2072
1866 1871 342
1868 1872 2697
1867 1873 2287
1868 1874 351
1871 1875 782
1871 1876 910
1875 1877 1875
1877 1878 4188
1871 1879 2392
1872 1880 4116
1876 1881 2047
1878 1882 1470
1874 1883 2260
1875 1884 4454
1882 1885 2620
1880 1886 991
1884 1887 1081
1883 1888 4939
1884 1889 3956
1887 1890 2615
1884 1891 4340
1885 1892 3623
1885 1893 3132
1893 1894 3175
1890 1895 3073
1886 1896 1018
1893 1897 2522
1889 1898 1650
1889 1899 2773
1890 1900 2
1893 1901 4138
1892 1902 1879
1896 1903 2685
1896 1904 3428
1897 1905 3722
1902 1906 240
1903 1907 2483
1904 1908 2519
1904 1909 1755
1900 1910 3959
1904 1911 96
1902 1912 3375
1904 1913 1631
1906 1914 3827
1913 1915 4018
1909 1916 782
1914 1917 2641
1912 1918 1736
1918 1919 4494
1910 1920 4849
1917 1921 1515
1920 1922 1759
1917 1923 1201
1919 1924 1390
1916 1925 1135
1920 1926 2551
1917 1927 2147
1926 1928 161
1920 1929 533
1927 1930 3408
1928 1931 2221
1930 1932 219
1928 1933 969
1929 1934 4882
1928 1935 684
1932 1936 4055
1933 1937 1973
1930 1938 2146
1929 1939 2874
1934 1940 4310
1937 1941 2890
1937 1942 2739
1938 1943 3182
1941 1944 676
1944 1945 2486
1939 1946 3758
1939 1947 3055
1945 1948 2757
1947 1949 633
1941 1950 3383
1950 1951 3859
1948 1952 1365
1949 1953 1028
1947 1954 3252
1948 1955 4863
1951 1956 364
1947 1957 4401
1949 1958 4541
1952 1959 2219
1952 1960 3143
1959 1961 412
1955 1962 1192
1953 1963 3762
1961 1964 3950
1963 1965 2878
1957 1966 4263
1965 1967 1538
1967 1968 262
1966 1969 1208
1965 1970 80
1964 1971 2676
1971 1972 2414
1970 1973 255
1971 1974 3254
1968 1975 768
1966 1976 2793
1975 1977 365
1972 1978 4418
1972 1979 4895
1970 1980 709
1973 1981 1326
1974 1982 4058
1978 1983 4488
1981 1984 7
1976 1985 4477
1979 1986 3363
1977 1987 3806
1984 1988 4100
1981 1989 1503
1980 1990 3334
1987 1991 4132
1989 1992 1224
1992 1993 2369
1989 1994 4303
1990 1995 598
1987 1996 4393
1994 1997 4560
1992 1998 2135
1993 1999 1854
1999 2000 3162
1991 2001 3546
1997 2002 1865
1996 2003 3909
2000 2004 3035
1995 2005 2116
1999 2006 135
1998 2007 3034
1998 2008 1500
2008 2009 2614
2003 2010 266
2002 2011 2641
2011 2012 4949
2010 2013 1177
2007 2014 3094
2006 2015 777
2015 2016 4745
2009 2017 1234
2013 2018 1392
2013 2019 3043
2011 2020 3804
2017 2021 1240
2019 2022 1612
2013 2023 4
2023 2024 2889
2020 2025 4678
2024 2026 2593
2022 2027 3700
2027 2028 1447
2019 2029 4984
2029 2030 982
2024 2031 370
2025 2032 2506
2024 2033 230
2029 2034 4390
2033 2035 1709
2026 2036 3440
2032 2037 3539
2033 2038 4019
2031 2039 2158
2032 2040 1616
2033 2041 1833
2036 2042 4394
2034 2043 4008
2040 2044 3399
2039 2045 2349
2038 2046 2314
2046 2047 4386
2044 2048 1543
2048 2049 443
2043 2050 4830
2048 2051 2572
2043 2052 4389
2044 2053 3598
2044 2054 1834
2054 2055 330
2047 2056 1611
2056 2057 4689
2050 2058 3605
2058 2059 4336
2052 2060 3558
2057 2061 3260
2055 2062 1181
2058 2063 850
2063 2064 844
2061 2065 1076
2058 2066 2391
2066 2067 861
2062 2068 1706
2063 2069 2113
2060 2070 2357
2066 2071 1468
2068 2072 478
2063 2073 2998
2064 2074 3105
2066 2075 2603
2070 2076 2746
2070 2077 2149
2068 2078 1687
2077 2079 252
2071 2080 2256
2071 2081 3248
2080 2082 2598
2081 2083 152
2082 2084 3053
2082 2085 4240
2080 2086 4194
2086 2087 4478
2081 2088 4115
2081 2089 3223
2081 2090 683
2086 2091 4112
2082 2092 1409
2087 2093 2459
2091 2094 249
2092 2095 2383
2090 2096 1210
2092 2097 4502
2088 2098 1817
2096 2099 1907
2096 2100 4375
2098 2101 2349
2092 2102 3110
2099 2103 2108
2099 2104 330
2102 2105 4329
2105 2106 1804
2105 2107 1012
2105 2108 1832
2103 2109 2948
2107 2110 4173
2101 2111 976
2108 2112 4128
2108 2113 4787
2111 2114 4777
2111 2115 4861
2111 2116 4892
2112 2117 522
2116 2118 3940
2117 2119 2317
2118 2120 4173
2113 2121 1901
2118 2122 186
2115 2123 802
2117 2124 3988
2118 2125 2670
2122 2126 2727
2117 2127 1262
2124 2128 3404
2119 2129 1321
2125 2130 3185
2123 2131 1351
2124 2132 1501
2126 2133 2429
2132 2134 2604
2127 2135 1247
2127 2136 1511
2132 2137 1479
2128 2138 4712
2138 2139 1066
2138 2140 2849
2135 2141 4231
2140 2142 273
2133 2143 3660
2137 2144 2701
2141 2145 3874
2143 2146 1153
2142 2147 1009
2144 2148 3297
2147 2149 3724
2142 2150 2960
2146 2151 464
2151 2152 4814
2147 2153 4493
2150 2154 2787
2152 2155 4
2147 2156 20
2151 2157 2996
2156 2158 243
2158 2159 4197
2154 2160 3694
2158 2161 246
2157 2162 2275
2157 2163 909
2159 2164 38
2157 2165 1120
2163 2166 4852
2163 2167 438
2162 2168 266
2166 2169 966
2160 2170 3702
2170 2171 4709
2163 2172 850
2166 2173 4075
2164 2174 2629
2168 2175 3256
2174 2176 1574
2173 2177 3461
2169 2178 4254
2170 2179 4987
2177 2180 1229
2176 2181 78
2181 2182 3809
2174 2183 2870
2180 2184 3654
2183 2185 2272
2179 2186 1944
2185 2187 1241
2185 2188 1832
2184 2189 3874
2180 2190 4457
2188 2191 3443
2186 2192 3148
2189 2193 1556
2188 2194 2469
2186 2195 957
2195 2196 3235
2196 2197 919
2195 2198 3223
2191 2199 870
2196 2200 3257
2198 2201 4257
2195 2202 891
2200 2203 1010
2203 2204 4464
2202 2205 3138
2196 2206 1419
2197 2207 3826
2204 2208 62
2199 2209 872
2203 2210 643
2202 2211 848
2202 2212 3509
2204 2213 2537
2208 2214 2665
2210 2215 3705
2206 2216 612
2212 2217 479
2209 2218 1396
2212 2219 2255
2212 2220 3615
2213 2221 4946
2218 2222 2402
2221 2223 1761
2221 2224 3787
2223 2225 4781
2220 2226 1637
2223 2227 2257
2218 2228 4028
2228 2229 2490
2225 2230 3236
2224 2231 2556
2228 2232 4374
2227 2233 886
2230 2234 1366
2227 2235 3906
2235 2236 1495
2235 2237 2936
2228 2238 4798
2235 2239 3748
2234 2240 2747
2237 2241 3775
2240 2242 2423
2239 2243 4039
2236 2244 3223
2244 2245 2546
2241 2246 2004
2243 2247 154
2246 2248 4295
2239 2249 4736
2241 2250 4691
2242 2251 1848
2251 2252 3964
2245 2253 1416
2250 2254 1020
2252 2255 1273
2254 2256 4198
2252 2257 513
2253 2258 4026
2256 2259 3994
2253 2260 3153
2255 2261 3721
2255 2262 2046
2253 2263 3314
2263 2264 3303
2261 2265 4418
2257 2266 2003
2265 2267 4132
2263 2268 4213
2263 2269 3654
2267 2270 308
2263 2271 4562
2271 2272 464
2268 2273 1487
2265 2274 987
2269 2275 3128
2266 2276 1753
2275 2277 971
2275 2278 2742
2278 2279 3260
2272 2280 1614
2275 2281 2511
2273 2282 2163
2278 2283 1021
2275 2284 2875
2283 2285 445
2277 2286 229
2280 2287 1724
2278 2288 1801
2285 2289 4909
2282 2290 1911
2286 2291 1811
2287 2292 1135
2290 2293 4571
2287 2294 3659
2291 2295 546
2286 2296 2705
2293 2297 1101
2290 2298 1924
2294 2299 3609
2296 2300 1887
2296 2301 1167
2296 2302 4981
2301 2303 3327
2299 2304 4713
2300 2305 173
2304 2306 2451
2305 2307 1868
2301 2308 1267
2302 2309 4975
2305 2310 1836
2308 2311 3501
2307 2312 4134
2304 2313 3056
2309 2314 1593
2310 2315 3510
2308 2316 356
2313 2317 365
2308 2318 2876
2311 2319 1519
2319 2320 1957
2316 2321 3111
2312 2322 4997
2321 2323 344
2315 2324 2107
2320 2325 1430
2323 2326 4807
2326 2327 272
2320 2328 4225
2325 2329 2551
2325 2330 417
2330 2331 2512
2330 2332 1212
2326 2333 2901
2325 2334 3613
2331 2335 4428
2330 2336 1562
2336 2337 4177
2331 2338 4641
2335 2339 3185
2338 2340 4518
2332 2341 3386
2338 2342 2381
2335 2343 3512
2340 2344 1562
2341 2345 736
2337 2346 4707
2339 2347 990
2347 2348 2249
2347 2349 1769
2349 2350 1252
2341 2351 3656
2348 2352 3247
2343 2353 413
2353 2354 4273
2350 2355 2758
2350 2356 3642
2348 2357 2817
2355 2358 719
2353 2359 173
2352 2360 4671
2359 2361 1330
2360 2362 822
2355 2363 4415
2360 2364 4142
2356 2365 4425
2362 2366 2221
2359 2367 4958
2359 2368 4163
2368 2369 1843
2361 2370 4550
2365 2371 279
2370 2372 2489
2365 2373 964
2364 2374 1499
2368 2375 819
2368 2376 2175
2369 2377 1324
2371 2378 2085
2371 2379 3750
2370 2380 2103
2371 2381 1226
2374 2382 2870
2373 2383 1010
2377 2384 2785
2383 2385 1975
2376 2386 4654
2382 2387 2215
2381 2388 3913
2385 2389 1822
2380 2390 2867
2383 2391 2563
2383 2392 3654
2391 2393 1114
2384 2394 622
2391 2395 68
2395 2396 2795
2388 2397 1909
2390 2398 1641
2394 2399 4660
2390 2400 2460
2392 2401 1388
2394 2402 671
2395 2403 126
2398 2404 3611
2397 2405 221
2398 2406 322
2402 2407 931
2398 2408 4995
2400 2409 768
2408 2410 4512
2406 2411 2889
2404 2412 4463
2403 2413 3029
2412 2414 48
2410 2415 4994
2412 2416 71
2408 2417 3241
2417 2418 1705
2416 2419 1040
2417 2420 1481
2414 2421 2640
2413 2422 4392
2421 2423 1736
2417 2424 3785
2417 2425 2875
2421 2426 1846
2422 2427 2692
2426 2428 118
2424 2429 1525
2422 2430 3951
2426 2431 829
2426 2432 2501
2432 2433 2148
2424 2434 4511
2429 2435 3910
2435 2436 4268
2435 2437 2111
2432 2438 3674
2435 2439 1744
2431 2440 1250
2436 2441 1046
2436 2442 4696
2437 2443 1413
2443 2444 3945
2438 2445 3610
2441 2446 2051
2437 2447 688
2442 2448 577
2443 2449 4520
2441 2450 2680
2444 2451 3217
2451 2452 3685
2445 2453 4801
2453 2454 387
2449 2455 3032
2450 2456 2404
2447 2457 1283
2455 2458 2899
2458 2459 3676
2458 2460 4536
2457 2461 814
2455 2462 1878
2460 2463 2025
2454 2464 166
2463 2465 3201
2462 2466 3116
2466 2467 595
2464 2468 4001
2463 2469 4003
2464 2470 578
2469 2471 4490
2470 2472 1147
2468 2473 1960
2469 2474 2139
2474 2475 4028
2466 2476 4850
2467 2477 3202
2473 2478 4073
2477 2479 3518
2475 2480 1041
2474 2481 2850
2472 2482 2897
2482 2483 859
2479 2484 670
2476 2485 4186
2476 2486 2714
2484 2487 3876
2479 2488 237
2485 2489 3761
2488 2490 1010
2483 2491 583
2482 2492 154
2490 2493 1819
2493 2494 2724
2494 2495 4425
2491 2496 3351
2493 2497 2492
2496 2498 2636
2497 2499 476
2495 2500 28
2497 2501 1734
2500 2502 703
2496 2503 4485
2495 2504 495
2498 2505 3351
2505 2506 455
2505 2507 1467
2498 2508 597
2499 2509 4978
2507 2510 2411
2501 2511 4742
2507 2512 507
2507 2513 1124
2512 2514 3618
2508 2515 3154
2509 2516 1486
2516 2517 4333
2508 2518 4220
2512 2519 1067
2512 2520 664
2514 2521 81
2519 2522 3573
2521 2523 3562
2516 2524 1154
2523 2525 3448
2518 2526 3991
2524 2527 4732
2519 2528 2592
2527 2529 2540
2527 2530 836
2529 2531 993
2529 2532 4429
2525 2533 2393
2529 2534 135
2530 2535 1319
2527 2536 1450
2535 2537 3681
2530 2538 2673
2531 2539 4953
2532 2540 1695
2540 2541 4052
2537 2542 4944
2533 2543 178
2543 2544 4269
2542 2545 2198
2544 2546 4087
2537 2547 1069
2540 2548 365
2547 2549 4511
2546 2550 2410
2542 2551 2795
2545 2552 1838
2551 2553 4141
2550 2554 4528
2546 2555 1246
2550 2556 4063
2550 2557 4688
2549 2558 456
2558 2559 2134
2557 2560 2439
2551 2561 2602
2553 2562 3007
2554 2563 2676
2563 2564 2322
2556 2565 1811
2559 2566 133
2558 2567 2514
2558 2568 265
2565 2569 891
2564 2570 1415
2562 2571 2954
2569 2572 582
2564 2573 2015
2568 2574 3683
2573 2575 4384
2572 2576 696
2572 2577 2208
2569 2578 911
2569 2579 412
2570 2580 3061
2573 2581 2939
2576 2582 430
2576 2583 4957
2580 2584 2782
2576 2585 3885
2578 2586 2641
2585 2587 2217
2584 2588 3733
2583 2589 3556
2582 2590 2019
2590 2591 1719
2582 2592 1466
2589 2593 4958
2591 2594 1005
2594 2595 4627
2588 2596 127
2590 2597 238
2596 2598 4406
2595 2599 1685
2594 2600 2287
2594 2601 3098
2598 2602 1775
2596 2603 1662
2597 2604 2575
2596 2605 1352
2599 2606 5000
2600 2607 1063
2604 2608 3249
2602 2609 3023
2600 2610 1445
2602 2611 3187
2607 2612 3971
2610 2613 4012
2607 2614 4672
2609 2615 3552
2613 2616 4470
2613 2617 4427
2611 2618 1864
2613 2619 4417
2613 2620 1208
2619 2621 3725
2616 2622 4712
2622 2623 1786
2623 2624 4589
2623 2625 2931
2621 2626 2468
2626 2627 944
2621 2628 1907
2624 2629 1074
2624 2630 2174
2621 2631 1199
2630 2632 3471
2625 2633 1494
2624 2634 3421
2633 2635 3602
2635 2636 3642
2633 2637 511
2629 2638 4007
2636 2639 4780
2635 2640 2408
2631 2641 2859
2632 2642 991
2636 2643 3029
2641 2644 3054
2644 2645 394
2645 2646 824
2638 2647 3213
2641 2648 2603
2639 2649 1523
2646 2650 978
2642 2651 3972
2650 2652 4698
2647 2653 3037
2649 2654 1426
2648 2655 274
2649 2656 953
2656 2657 3268
2656 2658 1057
2650 2659 2963
2658 2660 2106
2656 2661 1341
2652 2662 4634
2656 2663 534
2661 2664 3565
2656 2665 4592
2658 2666 1025
2664 2667 4291
2663 2668 3798
2659 2669 373
2665 2670 3090
2662 2671 3432
2670 2672 1193
2666 2673 571
2669 2674 3931
2666 2675 536
2673 2676 3707
2673 2677 4397
2676 2678 3911
2672 2679 410
2676 2680 2670
2673 2681 3235
2680 2682 608
2677 2683 3714
2682 2684 1860
2684 2685 4753
2681 2686 897
2685 2687 178
2686 2688 783
2685 2689 3728
2685 2690 2551
2684 2691 476
2684 2692 4412
2684 2693 3218
2689 2694 2316
2693 2695 870
2692 2696 3920
2690 2697 3152
2688 2698 371
2690 2699 492
2695 2700 3829
2696 2701 1788
2697 2702 1151
2697 2703 2662
2701 2704 2644
2698 2705 2978
2696 2706 4252
2704 2707 3912
2702 2708 2049
2706 2709 2573
2705 2710 4607
2704 2711 1634
2705 2712 221
2703 2713 2465
2705 2714 2285
2712 2715 760
2707 2716 214
2707 2717 599
2715 2718 827
2714 2719 1487
2717 2720 4405
2716 2721 2713
2713 2722 4119
2716 2723 4335
2717 2724 569
2719 2725 1414
2723 2726 4156
2722 2727 1414
2719 2728 3671
2727 2729 4437
2724 2730 3606
2725 2731 1464
2729 2732 4817
2723 2733 120
2731 2734 2039
2734 2735 2403
2730 2736 4772
2732 2737 3616
2735 2738 1399
2737 2739 506
2738 2740 2554
2738 2741 3462
2732 2742 1180
2741 2743 2833
2740 2744 3703
2737 2745 945
2745 2746 2198
2745 2747 1259
2741 2748 2801
2746 2749 3016
2741 2750 3196
2749 2751 4846
2750 2752 3891
2744 2753 742
2752 2754 2528
2752 2755 1845
2746 2756 1000
2754 2757 3035
2752 2758 3361
2750 2759 4563
2754 2760 2553
2756 2761 1642
2757 2762 4101
2760 2763 2571
2754 2764 550
2758 2765 3706
2763 2766 2750
2759 2767 4942
2763 2768 4177
2763 2769 4239
2762 2770 2387
2766 2771 2974
2767 2772 3705
2772 2773 3334
2773 2774 4391
2773 2775 4207
2771 2776 3393
2772 2777 1325
2771 2778 2915
2778 2779 3425
2775 2780 4167
2778 2781 4811
2774 2782 4713
2780 2783 2868
2780 2784 861
2780 2785 430
2783 2786 1114
2782 2787 4493
2778 2788 587
2779 2789 3237
2785 2790 1081
2782 2791 1754
2782 2792 4821
2790 2793 172
2784 2794 601
2789 2795 20
2789 2796 3803
2789 2797 3429
2797 2798 151
2798 2799 1424
2794 2800 3336
2798 2801 1766
2801 2802 257
2796 2803 4533
2803 2804 1778
2802 2805 4161
2804 2806 1094
2800 2807 3279
2803 2808 1335
2800 2809 606
2802 2810 2771
2807 2811 4816
2805 2812 406
2803 2813 609
2812 2814 3297
2812 2815 2154
2807 2816 2294
2807 2817 973
2810 2818 3552
2811 2819 4070
2814 2820 3830
2814 2821 4301
2821 2822 4080
2813 2823 3621
2820 2824 1010
2815 2825 3558
2824 2826 3053
2818 2827 4147
2820 2828 2616
2823 2829 1814
2829 2830 4908
2823 2831 2049
2825 2832 4063
2823 2833 3924
2825 2834 1562
2829 2835 3199
2833 2836 415
2833 2837 3511
2832 2838 1301
2833 2839 2940
2837 2840 516
2834 2841 550
2837 2842 1168
2835 2843 4251
2838 2844 4425
2835 2845 2235
2836 2846 1992
2845 2847 2874
2846 2848 4809
2842 2849 4929
2845 2850 2408
2846 2851 1419
2848 2852 4491
2852 2853 213
2853 2854 3002
2848 2855 1761
2848 2856 2216
2856 2857 2075
2855 2858 2167
2858 2859 4823
2857 2860 4162
2857 2861 3854
2857 2862 3874
2855 2863 665
2857 2864 4137
2858 2865 4271
2863 2866 3357
2865 2867 4030
2866 2868 104
2865 2869 1928
2866 2870 1497
2866 2871 3546
2868 2872 913
2872 2873 609
2868 2874 3112
2865 2875 2615
2866 2876 3546
2874 2877 2070
2872 2878 2522
2876 2879 2310
2878 2880 2380
2880 2881 1057
2880 2882 3518
2877 2883 355
2881 2884 1114
2877 2885 2827
2880 2886 4569
2882 2887 3592
2885 2888 4642
2887 2889 333
2881 2890 3028
2889 2891 4920
2884 2892 2015
2884 2893 4617
2893 2894 2618
2893 2895 1967
2891 2896 4247
2890 2897 82
2888 2898 3129
2895 2899 4036
2894 2900 1799
2897 2901 1658
2901 2902 850
2896 2903 763
2899 2904 2065
2902 2905 95
2901 2906 648
2902 2907 1754
2902 2908 2804
2899 2909 2748
2902 2910 2312
2906 2911 1606
2908 2912 1232
2904 2913 3166
2906 2914 1938
2908 2915 1234
2914 2916 2144
2915 2917 3362
2908 2918 3229
2913 2919 1871
2910 2920 4436
2915 2921 2409
2920 2922 4765
2919 2923 1019
2919 2924 4023
2920 2925 3054
2924 2926 3598
2918 2927 1512
2923 2928 4306
2922 2929 1850
2921 2930 2226
2922 2931 447
2922 2932 3094
2931 2933 3608
2933 2934 3578
2934 2935 2489
2933 2936 1966
2931 2937 267
2934 2938 661
2932 2939 1478
2938 2940 4417
2931 2941 2095
2936 2942 376
2934 2943 3701
2937 2944 1594
2939 2945 1127
2939 2946 2044
2944 2947 395
2944 2948 2076
2948 2949 2968
2943 2950 3441
2948 2951 915
2944 2952 50
2945 2953 1186
2952 2954 2688
2945 2955 2581
2947 2956 730
2950 2957 840
2951 2958 1828
2958 2959 502
2957 2960 4359
2958 2961 1225
2955 2962 3103
2959 2963 3321
2962 2964 140
2964 2965 665
2960 2966 3996
2960 2967 3060
2958 2968 2599
2963 2969 2011
2962 2970 4393
2961 2971 4021
2969 2972 2201
2970 2973 2864
2965 2974 3838
2973 2975 665
2967 2976 2027
2975 2977 2423
2968 2978 1175
2976 2979 698
2972 2980 954
2975 2981 339
2977 2982 3804
2979 2983 3780
2980 2984 1393
2983 2985 4602
2979 2986 1417
2977 2987 4430
2981 2988 235
2987 2989 2603
2981 2990 4569
2986 2991 2010
2986 2992 459
2990 2993 1536
2989 2994 1850
2991 2995 3267
2992 2996 1980
2990 2997 4918
2991 2998 1975
2996 2999 283
2991 3000 4762
2998 3001 4002
2994 3002 899
2995 3003 1760
2994 3004 3168
2995 3005 2286
2997 3006 1721
3004 3007 4708
2998 3008 2387
2999 3009 2315
3004 3010 2647
3008 3011 4332
3011 3012 2517
3010 3013 1314
3004 3014 583
3005 3015 4401
3013 3016 3002
3012 3017 1812
3013 3018 2566
3012 3019 3020
3016 3020 182
3016 3021 3848
3015 3022 4520
3019 3023 273
3014 3024 2799
3016 3025 2529
3020 3026 460
3020 3027 1600
3023 3028 317
3023 3029 4184
3022 3030 3933
3023 3031 546
3029 3032 1143
3031 3033 1532
3033 3034 4052
3034 3035 310
3028 3036 352
3028 3037 3612
3033 3038 3413
3038 3039 2574
3035 3040 2409
3034 3041 4568
3036 3042 3041
3041 3043 4602
3036 3044 4457
3035 3045 3406
3041 3046 3623
3041 3047 2665
3043 3048 4151
3042 3049 2847
3045 3050 617
3044 3051 4562
3042 3052 1823
3043 3053 2037
3046 3054 2121
3046 3055 2689
3054 3056 851
3056 3057 526
3053 3058 2119
3054 3059 3576
3054 3060 2626
3051 3061 1900
3061 3062 4408
3054 3063 2203
3054 3064 367
3058 3065 4277
3065 3066 4909
3065 3067 3104
3065 3068 3613
3060 3069 1275
3065 3070 1749
3069 3071 666
3069 3072 4382
3071 3073 1881
3073 3074 3870
3065 3075 3088
3069 3076 3811
3070 3077 591
3075 3078 2171
3074 3079 4105
3077 3080 3254
3077 3081 391
3076 3082 4479
3077 3083 1604
3082 3084 1032
3082 3085 1892
3082 3086 4508
3083 3087 3038
3080 3088 1698
3084 3089 4541
3083 3090 4196
3083 3091 987
3085 3092 2311
3087 3093 2794
3090 3094 2739
3089 3095 2471
3092 3096 536
3088 3097 2720
3096 3098 4936
3095 3099 1206
3092 3100 1788
3091 3101 4264
3100 3102 2397
3097 3103 1751
3096 3104 4699
3103 3105 2521
3099 3106 4775
3099 3107 2866
3107 3108 4622
3103 3109 241
3100 3110 2215
3107 3111 150
3106 3112 2857
3108 3113 12
3106 3114 1385
3106 3115 3036
3115 3116 1098
3116 3117 4170
3109 3118 167
3115 3119 4969
3111 3120 555
3115 3121 3689
3115 3122 1727
3114 3123 1709
3117 3124 2657
3117 3125 555
3121 3126 4010
3126 3127 1885
3119 3128 1304
3124 3129 1301
3121 3130 25
3130 3131 611
3124 3132 2602
3123 3133 4718
3129 3134 1932
3130 3135 1227
3135 3136 3347
3132 3137 751
3133 3138 919
3135 3139 2215
3138 3140 329
3137 3141 2817
3132 3142 4014
3138 3143 837
3143 3144 1932
3142 3145 4048
3145 3146 3387
3142 3147 527
3143 3148 3989
3140 3149 2908
3147 3150 357
3144 3151 1466
3151 3152 2895
3143 3153 858
3144 3154 2156
3151 3155 3086
3155 3156 3084
3152 3157 606
3153 3158 4082
3158 3159 3687
3158 3160 3625
3160 3161 2435
3152 3162 4980
3161 3163 1914
3156 3164 2584
3155 3165 2571
3157 3166 4757
3161 3167 3538
3167 3168 69
3164 3169 4746
3162 3170 372
3164 3171 179
3167 3172 810
3163 3173 4384
3167 3174 4464
3167 3175 4275
3171 3176 1583
3167 3177 3049
3168 3178 4676
3169 3179 2690
3173 3180 4729
3177 3181 3209
3177 3182 602
3176 3183 1235
3181 3184 4348
3181 3185 2926
3183 3186 3080
3182 3187 1864
3185 3188 4238
3185 3189 4408
3183 3190 4889
3187 3191 4313
3185 3192 1482
3183 3193 1305
3189 3194 3898
3194 3195 2906
3191 3196 2320
3193 3197 2462
3188 3198 4830
3197 3199 4326
3190 3200 3214
3194 3201 2410
3197 3202 1834
3202 3203 3516
3194 3204 3678
3204 3205 2651
3204 3206 1705
3201 3207 542
3204 3208 4749
3202 3209 736
3208 3210 3654
3201 3211 4429
3206 3212 3237
3208 3213 101
3213 3214 3721
3211 3215 4653
3208 3216 4865
3210 3217 2481
3216 3218 6
3218 3219 271
3218 3220 3315
3213 3221 4908
3216 3222 3338
3218 3223 4005
3214 3224 2084
3217 3225 2194
3217 3226 4116
3224 3227 353
3221 3228 3952
3226 3229 2507
3229 3230 1588
3230 3231 1734
3230 3232 1146
3224 3233 2184
3229 3234 3189
3227 3235 3922
3233 3236 2372
3234 3237 329
3229 3238 442
3238 3239 3080
3239 3240 4386
3240 3241 1819
3235 3242 9
3234 3243 3867
3237 3244 2106
3242 3245 4304
3244 3246 1179
3238 3247 4360
3240 3248 3566
3244 3249 4114
3247 3250 4188
3245 3251 2144
3243 3252 2630
3247 3253 953
3247 3254 386
3246 3255 3109
3254 3256 63
3256 3257 4589
3254 3258 76
3250 3259 2192
3251 3260 4657
3256 3261 1211
3258 3262 3967
3253 3263 216
3255 3264 4022
3264 3265 2142
3259 3266 3221
3266 3267 3704
3259 3268 3463
3268 3269 4621
3263 3270 3754
3263 3271 3994
3268 3272 2401
3271 3273 4629
3268 3274 337
3274 3275 3500
3275 3276 1760
3270 3277 3420
3272 3278 3105
3273 3279 3544
3278 3280 4147
3278 3281 2857
3278 3282 4002
3282 3283 3892
3275 3284 3420
3280 3285 4002
3285 3286 587
3284 3287 986
3283 3288 4378
3282 3289 264
3289 3290 4138
3284 3291 4964
3285 3292 3556
3289 3293 2723
3288 3294 1140
3288 3295 1764
3291 3296 1615
3294 3297 3372
3288 3298 4587
3292 3299 2141
3290 3300 1123
3300 3301 4120
3296 3302 4373
3294 3303 985
3294 3304 201
3295 3305 1614
3305 3306 939
3298 3307 2514
3298 3308 886
3299 3309 2249
3307 3310 4079
3309 3311 2980
3304 3312 3684
3306 3313 3794
3304 3314 587
3312 3315 4147
3312 3316 3162
3309 3317 17
3312 3318 4596
3318 3319 212
3317 3320 4314
3320 3321 1854
3315 3322 4867
3318 3323 2838
3323 3324 555
3323 3325 2630
3323 3326 866
3326 3327 1762
3327 3328 1602
3320 3329 1870
3323 3330 4422
3321 3331 4275
3328 3332 3330
3329 3333 2718
3332 3334 558
3329 3335 294
3332 3336 3012
3327 3337 1545
3335 3338 1784
3331 3339 1792
3335 3340 4277
3340 3341 3971
3333 3342 4134
3336 3343 1423
3335 3344 2847
3342 3345 2630
3340 3346 1554
3344 3347 132
3340 3348 2126
3340 3349 1351
3345 3350 346
3350 3351 4249
3350 3352 2211
3349 3353 2991
3348 3354 1829
3351 3355 2083
3352 3356 4142
3356 3357 4488
3351 3358 4731
3356 3359 2841
3356 3360 4652
3360 3361 3972
3357 3362 1395
3357 3363 3304
3356 3364 2921
3358 3365 2082
3359 3366 3220
3363 3367 214
3359 3368 1452
3368 3369 3520
3369 3370 3999
3367 3371 1709
3371 3372 3328
3366 3373 2481
3364 3374 4171
3372 3375 1391
3371 3376 1307
3370 3377 2595
3373 3378 3012
3370 3379 4797
3370 3380 611
3378 3381 4271
3377 3382 1649
3376 3383 4226
3375 3384 339
3382 3385 3722
3381 3386 18
3386 3387 1048
3386 3388 1488
3381 3389 4680
3387 3390 2579
3381 3391 1881
3388 3392 524
3383 3393 4456
3389 3394 939
3387 3395 4805
3386 3396 2216
3387 3397 1043
3389 3398 671
3389 3399 2868
3394 3400 395
3395 3401 2497
3392 3402 621
3402 3403 3388
3400 3404 2540
3395 3405 4973
3396 3406 291
3403 3407 4218
3405 3408 2304
3403 3409 936
3405 3410 1763
3407 3411 1840
3404 3412 2520
3407 3413 391
3404 3414 4717
3411 3415 2606
3411 3416 3049
3411 3417 388
3410 3418 1080
3416 3419 1860
3418 3420 4348
3417 3421 1178
3419 3422 1604
3413 3423 4250
3416 3424 92
3420 3425 1429
3416 3426 2448
3419 3427 3876
3423 3428 607
3426 3429 965
3423 3430 3657
3421 3431 2567
3422 3432 2127
3425 3433 1282
3428 3434 1244
3431 3435 3785
3430 3436 2492
3429 3437 4231
3435 3438 1352
3435 3439 1947
3437 3440 2118
3431 3441 3108
3437 3442 2670
3441 3443 4920
3439 3444 270
3442 3445 4289
3444 3446 3569
3439 3447 4914
3445 3448 2954
3439 3449 3911
3448 3450 326
3448 3451 3827
3449 3452 2345
3446 3453 4540
3445 3454 1843
3451 3455 88
3450 3456 3520
3449 3457 2966
3452 3458 3460
3454 3459 954
3456 3460 4492
3451 3461 1449
3461 3462 4999
3462 3463 1859
3455 3464 3738
3459 3465 4752
3458 3466 4393
3458 3467 4940
3460 3468 1916
3459 3469 1162
3465 3470 3040
3461 3471 4579
3464 3472 4782
3467 3473 3127
3468 3474 679
3473 3475 49
3474 3476 1140
3468 3477 3319
3474 3478 4337
3469 3479 1798
3475 3480 4548
3471 3481 4868
3476 3482 1640
3473 3483 1719
3482 3484 280
3477 3485 710
3479 3486 1951
3477 3487 2874
3483 3488 4427
3483 3489 4422
3483 3490 1151
3481 3491 2377
3489 3492 3496
3491 3493 487
3490 3494 3780
3491 3495 1179
3489 3496 390
3493 3497 4413
3497 3498 2356
3492 3499 3059
3492 3500 4656
3494 3501 2073
3497 3502 3828
3498 3503 869
3495 3504 4832
3504 3505 3905
3499 3506 4080
3499 3507 3756
3498 3508 1317
3502 3509 2192
3501 3510 3154
3505 3511 4112
3503 3512 3567
3511 3513 598
3505 3514 4093
3511 3515 4836
3509 3516 4152
3508 3517 988
3516 3518 2308
3513 3519 4264
3510 3520 1405
3515 3521 3990
3515 3522 4838
3518 3523 3226
3515 3524 4584
3519 3525 1541
3517 3526 35
3523 3527 389
3520 3528 4334
3521 3529 1771
3522 3530 4033
3524 3531 278
3529 3532 3224
3530 3533 3638
3528 3534 3871
3532 3535 4205
3529 3536 4054
3536 3537 203
3536 3538 1260
3533 3539 2698
3531 3540 1988
3531 3541 2769
3541 3542 3736
3536 3543 2456
3537 3544 3962
3541 3545 3276
3538 3546 1015
3537 3547 3092
3539 3548 4022
3542 3549 2268
3544 3550 4785
3548 3551 1263
3545 3552 1583
3549 3553 4619
3544 3554 3091
3554 3555 731
3546 3556 4976
3553 3557 3661
3550 3558 1134
3555 3559 2751
3559 3560 1296
3555 3561 2534
3556 3562 2242
3554 3563 2648
3559 3564 2037
3555 3565 1708
3557 3566 4063
3565 3567 3828
3565 3568 3610
3565 3569 4070
3565 3570 1244
3567 3571 1836
3567 3572 2495
3563 3573 3359
3568 3574 1876
3573 3575 3957
3569 3576 2381
3569 3577 4270
3575 3578 4943
3569 3579 1834
3572 3580 774
3574 3581 2892
3576 3582 262
3581 3583 1835
3578 3584 4505
3579 3585 1142
3577 3586 3899
3579 3587 4498
3584 3588 1
3579 3589 570
3587 3590 2351
3581 3591 100
3587 3592 3999
3590 3593 791
3591 3594 1297
3593 3595 1118
3589 3596 2092
3589 3597 3962
3588 3598 394
3598 3599 444
3595 3600 3946
3593 3601 4377
3598 3602 4858
3601 3603 55
3598 3604 25
3596 3605 897
3600 3606 2790
3602 3607 3124
3606 3608 1431
3600 3609 3261
3603 3610 1173
3610 3611 3389
3610 3612 1430
3603 3613 4993
3606 3614 3179
3614 3615 166
3607 3616 1201
3609 3617 3444
3609 3618 1327
3609 3619 2860
3614 3620 2006
3616 3621 3462
3613 3622 3864
3614 3623 2238
3618 3624 1958
3619 3625 2957
3618 3626 3520
3626 3627 4331
3623 3628 4768
3628 3629 2682
3624 3630 3961
3628 3631 3319
3622 3632 3600
3628 3633 4576
3626 3634 2607
3631 3635 4643
3626 3636 4845
3628 3637 2918
3629 3638 4099
3632 3639 1102
3639 3640 2298
3634 3641 3789
3640 3642 3380
3633 3643 4179
3642 3644 3867
3641 3645 1107
3640 3646 1011
3641 3647 1227
3640 3648 1143
3648 3649 2073
3646 3650 2372
3642 3651 1644
3645 3652 4841
3644 3653 1051
3644 3654 128
3652 3655 2989
3652 3656 3063
3653 3657 3491
3651 3658 1155
3653 3659 3863
3654 3660 2276
3653 3661 4971
3661 3662 2708
3656 3663 4564
3658 3664 2736
3664 3665 3784
3659 3666 1666
3660 3667 3550
3658 3668 808
3663 3669 4657
3663 3670 4317
3662 3671 1263
3665 3672 672
3672 3673 3556
3671 3674 3860
3670 3675 4419
3671 3676 4438
3667 3677 4683
3668 3678 226
3669 3679 4946
3675 3680 3978
3680 3681 467
3672 3682 4726
3676 3683 2810
3676 3684 467
3682 3685 4921
3681 3686 368
3680 3687 4653
3685 3688 2940
3688 3689 4530
3686 3690 30
3684 3691 3799
3690 3692 4807
3687 3693 2362
3691 3694 1642
3694 3695 4774
3689 3696 3354
3695 3697 2939
3688 3698 2861
3694 3699 2829
3696 3700 4690
3699 3701 914
3693 3702 358
3695 3703 759
3699 3704 3645
3696 3705 1142
3705 3706 254
3700 3707 4105
3706 3708 38
3705 3709 4988
3709 3710 807
3706 3711 1149
3710 3712 4779
3703 3713 3103
3711 3714 666
3708 3715 2469
3715 3716 1592
3708 3717 3586
3708 3718 4253
3709 3719 3621
3710 3720 3072
3712 3721 1180
3721 3722 1076
3722 3723 3973
3719 3724 1379
3723 3725 3464
3725 3726 4981
3718 3727 61
3721 3728 1821
3724 3729 2098
3727 3730 2942
3723 3731 4444
3722 3732 244
3730 3733 3898
3733 3734 4865
3726 3735 1746
3728 3736 1217
3728 3737 3566
3728 3738 2588
3735 3739 164
3739 3740 2637
3733 3741 3828
3735 3742 4646
3741 3743 1305
3740 3744 1944
3740 3745 1314
3741 3746 604
3746 3747 4947
3741 3748 1177
3741 3749 1923
3741 3750 928
3744 3751 2937
3744 3752 1357
3746 3753 675
3744 3754 2402
3754 3755 1923
3753 3756 1139
3749 3757 2944
3748 3758 865
3758 3759 518
3757 3760 4161
3752 3761 528
3757 3762 3537
3759 3763 2787
3761 3764 3783
3763 3765 1591
3756 3766 442
3763 3767 1760
3764 3768 2382
3759 3769 3683
3763 3770 1909
3765 3771 4272
3765 3772 1982
3766 3773 332
3769 3774 3281
3772 3775 1833
3769 3776 1030
3769 3777 3551
3768 3778 951
3772 3779 3262
3773 3780 1636
3771 3781 341
3779 3782 2209
3780 3783 297
3779 3784 3117
3779 3785 1550
3779 3786 3652
3783 3787 1080
3786 3788 2095
3787 3789 4280
3782 3790 2305
3781 3791 605
3788 3792 3977
3786 3793 3681
3790 3794 4238
3791 3795 3124
3794 3796 3546
3790 3797 2873
3789 3798 4982
3796 3799 1189
3794 3800 389
3793 3801 689
3795 3802 2306
3794 3803 2848
3798 3804 4321
3802 3805 2225
3805 3806 1462
3805 3807 1419
3807 3808 2057
3799 3809 1495
3808 3810 1736
3805 3811 1311
3811 3812 3070
3805 3813 3946
3810 3814 670
3808 3815 2942
3810 3816 1266
3815 3817 3077
3816 3818 2506
3811 3819 3003
3815 3820 4717
3811 3821 998
3812 3822 2735
3815 3823 419
3817 3824 4071
3823 3825 3737
3816 3826 373
3818 3827 2124
3818 3828 3097
3821 3829 2860
3825 3830 982
3823 3831 3994
3827 3832 2112
3832 3833 4917
3824 3834 2971
3834 3835 263
3828 3836 2740
3836 3837 555
3832 3838 801
3837 3839 967
3836 3840 880
3835 3841 256
3837 3842 2455
3836 3843 3953
3837 3844 1515
3840 3845 791
3845 3846 2298
3842 3847 2208
3844 3848 1656
3844 3849 996
3849 3850 2110
3846 3851 4826
3849 3852 145
3843 3853 3897
3848 3854 1894
3846 3855 87
3847 3856 670
3856 3857 313
3850 3858 3874
3851 3859 4484
3857 3860 2359
3860 3861 3992
3852 3862 1341
3853 3863 2143
3863 3864 3322
3863 3865 506
3859 3866 1432
3861 3867 72
3867 3868 4638
3866 3869 4529
3860 3870 1031
3868 3871 280
3865 3872 3441
3864 3873 904
3866 3874 2008
3866 3875 440
3866 3876 1950
3875 3877 4786
3873 3878 3652
3877 3879 457
3871 3880 2172
3873 3881 683
3877 3882 418
3879 3883 4129
3876 3884 4465
3877 3885 392
3885 3886 4208
3882 3887 4864
3878 3888 2781
3880 3889 2032
3886 3890 767
3886 3891 688
3889 3892 4643
3890 3893 1749
3893 3894 3365
3885 3895 4413
3887 3896 4674
3891 3897 223
3895 3898 2773
3891 3899 3293
3895 3900 2442
3894 3901 4278
3895 3902 3496
3893 3903 1616
3896 3904 894
3900 3905 1314
3899 3906 2657
3903 3907 3980
3907 3908 3927
3904 3909 3163
3904 3910 2971
3905 3911 4363
3908 3912 2927
3911 3913 3324
3904 3914 1684
3909 3915 1129
3914 3916 4854
3909 3917 4694
3915 3918 4256
3911 3919 2343
3914 3920 2746
3915 3921 4455
3920 3922 3097
3915 3923 4144
3916 3924 376
3918 3925 3740
3919 3926 531
3926 3927 3157
3918 3928 4432
3920 3929 1082
3921 3930 2699
3922 3931 2570
3930 3932 1508
3930 3933 4682
3928 3934 3775
3931 3935 1483
3926 3936 4230
3932 3937 4083
3928 3938 4632
3933 3939 3159
3935 3940 3483
3937 3941 3811
3941 3942 1335
3939 3943 1494
3941 3944 817
3935 3945 797
3940 3946 2304
3943 3947 1861
3939 3948 4067
3940 3949 3893
3941 3950 2365
3941 3951 1356
3949 3952 3444
3944 3953 4619
3950 3954 4681
3949 3955 3013
3955 3956 1891
3952 3957 2887
3955 3958 2204
3954 3959 2091
3959 3960 3216
3953 3961 4311
3961 3962 1844
3954 3963 18
3958 3964 479
3956 3965 2279
3963 3966 3419
3960 3967 1729
3967 3968 4408
3961 3969 3168
3962 3970 2864
3967 3971 2418
3968 3972 4816
3964 3973 1328
3971 3974 2484
3969 3975 1266
3974 3976 1409
3967 3977 4384
3971 3978 4079
3977 3979 3285
3975 3980 267
3978 3981 4525
3980 3982 2703
3980 3983 638
3983 3984 4635
3983 3985 1480
3981 3986 1261
3981 3987 2881
3979 3988 3731
3980 3989 3044
3981 3990 4588
3981 3991 4694
3984 3992 3428
3986 3993 2407
3991 3994 322
3989 3995 863
3991 3996 2002
3987 3997 3816
3988 3998 1748
3995 3999 1216
3999 4000 2144
3996 4001 4833
3999 4002 3865
3999 4003 4445
4000 4004 2831
3996 4005 2902
4004 4006 3290
4004 4007 1000
4003 4008 3971
4003 4009 44
4005 4010 2776
4009 4011 3085
4009 4012 2252
4008 4013 4815
4007 4014 4884
4005 4015 732
4012 4016 12
4014 4017 296
4016 4018 4005
4018 4019 206
4016 4020 2668
4013 4021 4831
4021 4022 2775
4021 4023 3158
4015 4024 4886
4021 4025 2167
4023 4026 2911
4021 4027 1844
4018 4028 2344
4025 4029 4050
4029 4030 1751
4028 4031 4439
4024 4032 3438
4030 4033 3968
4024 4034 585
4031 4035 3820
4032 4036 4160
4033 4037 69
4031 4038 4171
4034 4039 1905
4031 4040 1217
4035 4041 1584
4039 4042 3912
4034 4043 4837
4035 4044 1618
4040 4045 2450
4038 4046 104
4040 4047 3463
4039 4048 4109
4044 4049 4355
4044 4050 3354
4050 4051 3387
4043 4052 1923
4047 4053 2126
4045 4054 3906
4051 4055 3391
4049 4056 4979
4048 4057 2956
4056 4058 2508
4049 4059 75
4058 4060 3177
4059 4061 4847
4060 4062 3581
4057 4063 3522
4057 4064 280
4060 4065 3373
4061 4066 2751
4058 4067 280
4061 4068 436
4064 4069 1993
4062 4070 3602
4061 4071 4605
4069 4072 3007
4069 4073 419
4067 4074 2457
4065 4075 874
4071 4076 4981
4070 4077 988
4077 4078 3276
4076 4079 3194
4072 4080 2220
4071 4081 3793
4078 4082 2127
4076 4083 1677
4079 4084 1612
4081 4085 4943
4077 4086 655
4077 4087 1356
4085 4088 1035
4088 4089 4671
4082 4090 2046
4087 4091 3073
4091 4092 243
4088 4093 4439
4091 4094 3679
4088 4095 1525
4093 4096 1646
4094 4097 606
4093 4098 1457
4091 4099 4303
4095 4100 1729
4095 4101 4074
4092 4102 3660
4095 4103 820
4095 4104 1478
4101 4105 556
4098 4106 163
4103 4107 4845
4104 4108 73
4102 4109 997
4105 4110 284
4110 4111 758
4110 4112 613
4106 4113 4405
4104 4114 2963
4111 4115 2803
4110 4116 2268
4116 4117 4002
4117 4118 4253
4118 4119 1837
4111 4120 3427
4115 4121 1660
4120 4122 2890
4117 4123 218
4114 4124 2129
4120 4125 2335
4122 4126 4769
4122 4127 3805
4125 4128 2843
4119 4129 1275
4123 4130 312
4127 4131 176
4128 4132 3316
4125 4133 2955
4124 4134 3964
4129 4135 3531
4131 4136 3443
4135 4137 2025
4133 4138 1315
4138 4139 277
4139 4140 2470
4133 4141 3444
4137 4142 1446
4138 4143 2963
4141 4144 368
4142 4145 2810
4138 4146 2969
4143 4147 3966
4140 4148 245
4148 4149 2167
4149 4150 2888
4141 4151 4927
4142 4152 3106
4147 4153 4487
4149 4154 474
4145 4155 4569
4150 4156 4542
4148 4157 846
4150 4158 2540
4155 4159 532
4159 4160 1723
4158 4161 2579
4153 4162 4387
4160 4163 968
4155 4164 2003
4158 4165 2587
4158 4166 2996
4160 4167 2859
4166 4168 2095
4166 4169 3146
4162 4170 2399
4169 4171 324
4165 4172 3216
4165 4173 2963
4167 4174 3738
4167 4175 2547
4168 4176 4854
4167 4177 4556
4171 4178 2396
4172 4179 1537
4174 4180 550
4175 4181 2956
4173 4182 4243
4182 4183 2298
4178 4184 3
4176 4185 540
4176 4186 263
4185 4187 1551
4181 4188 3916
4188 4189 2184
4187 4190 418
4189 4191 3184
4186 4192 3800
4188 4193 737
4192 4194 4606
4194 4195 3036
4189 4196 905
4192 4197 4271
4192 4198 591
4196 4199 935
4194 4200 3030
4193 4201 1424
4201 4202 4525
4202 4203 3099
4200 4204 4142
4203 4205 1370
4197 4206 544
4200 4207 2767
4199 4208 3802
4200 4209 437
4209 4210 1971
4205 4211 1529
4206 4212 587
4209 4213 2887
4207 4214 4272
4209 4215 2614
4207 4216 3545
4213 4217 2486
4215 4218 3287
4218 4219 2277
4212 4220 48
4214 4221 83
4221 4222 2654
4220 4223 1519
4220 4224 713
4224 4225 1013
4223 4226 2748
4225 4227 1898
4227 4228 3938
4222 4229 3802
4227 4230 341
4221 4231 4507
4231 4232 4149
4229 4233 2224
4232 4234 4738
4232 4235 3765
4229 4236 1155
4236 4237 4435
4232 4238 2599
4236 4239 3141
4239 4240 1156
4232 4241 3671
4239 4242 3780
4240 4243 4784
4242 4244 124
4238 4245 4044
4240 4246 2386
4240 4247 3193
4238 4248 71
4246 4249 309
4240 4250 1629
4242 4251 3335
4251 4252 117
4251 4253 3371
4248 4254 2395
4252 4255 3237
4246 4256 3484
4251 4257 903
4252 4258 2399
4258 4259 1347
4253 4260 1095
4255 4261 4656
4256 4262 685
4253 4263 4807
4257 4264 1623
4260 4265 1374
4258 4266 3161
4264 4267 4554
4260 4268 395
4266 4269 548
4267 4270 1459
4264 4271 2716
4268 4272 4684
4270 4273 3003
4266 4274 3400
4273 4275 3395
4267 4276 510
4275 4277 4267
4270 4278 4630
4271 4279 4002
4277 4280 833
4275 4281 1635
4279 4282 2864
4274 4283 3735
4277 4284 1632
4282 4285 4666
4278 4286 3853
4278 4287 4401
4284 4288 984
4280 4289 1678
4287 4290 1267
4288 4291 2836
4288 4292 2613
4289 4293 1644
4291 4294 1038
4287 4295 2299
4295 4296 3492
4295 4297 1669
4292 4298 1177
4297 4299 761
4292 4300 4687
4299 4301 2877
4294 4302 170
4301 4303 1759
4301 4304 3577
4295 4305 1203
4297 4306 3938
4305 4307 2183
4305 4308 3967
4307 4309 2038
4302 4310 279
4307 4311 4481
4308 4312 201
4311 4313 2602
4306 4314 789
4309 4315 4036
4313 4316 1945
4312 4317 40
4308 4318 4762
4312 4319 315
4314 4320 1719
4319 4321 4170
4317 4322 4703
4316 4323 796
4323 4324 975
4319 4325 675
4324 4326 1827
4324 4327 113
4325 4328 1936
4321 4329 74
4329 4330 239
4325 4331 341
4327 4332 381
4328 4333 4264
4329 4334 190
4327 4335 3378
4326 4336 1338
4334 4337 3753
4328 4338 4581
4331 4339 4109
4334 4340 4224
4339 4341 2512
4340 4342 181
4336 4343 2083
4334 4344 1816
4344 4345 4466
4342 4346 879
4340 4347 834
4343 4348 3645
4343 4349 3568
4343 4350 4954
4341 4351 1227
4342 4352 4214
4343 4353 2612
4349 4354 787
4348 4355 3925
4348 4356 1200
4352 4357 2773
4353 4358 1886
4352 4359 1933
4356 4360 227
4360 4361 4529
4352 4362 3009
4362 4363 1559
4356 4364 554
4361 4365 3343
4360 4366 2370
4357 4367 3876
4366 4368 1689
4368 4369 894
4369 4370 4675
4368 4371 484
4364 4372 4092
4370 4373 2261
4371 4374 4838
4365 4375 2821
4368 4376 4311
4375 4377 279
4370 4378 3272
4376 4379 458
4376 4380 1782
4378 4381 4887
4376 4382 3183
4377 4383 499
4376 4384 1503
4376 4385 3521
4383 4386 842
4381 4387 632
4379 4388 135
4385 4389 4158
4382 4390 1862
4383 4391 3672
4382 4392 794
4388 4393 815
4384 4394 1464
4386 4395 2891
4390 4396 4537
4396 4397 4442
4388 4398 3725
4394 4399 1397
4396 4400 4547
4393 4401 4724
4396 4402 1195
4396 4403 884
4401 4404 4527
4398 4405 2172
4402 4406 3153
4398 4407 4558
4405 4408 4192
4406 4409 12
4402 4410 3633
4407 4411 2029
4411 4412 3525
4404 4413 2446
4407 4414 2391
4405 4415 1602
4412 4416 3
4415 4417 283
4414 4418 4869
4411 4419 2290
4416 4420 497
4419 4421 4175
4414 4422 1309
4414 4423 3021
4419 4424 918
4418 4425 1309
4419 4426 4608
4425 4427 1174
4423 4428 1531
4425 4429 962
4423 4430 237
4422 4431 2783
4424 4432 598
4430 4433 2390
4431 4434 1410
4427 4435 4920
4431 4436 1909
4430 4437 4128
4437 4438 2071
4429 4439 1877
4436 4440 2979
4440 4441 3085
4434 4442 1469
4436 4443 3936
4437 4444 2642
4436 4445 672
4440 4446 1865
4446 4447 3135
4444 4448 1453
4442 4449 3475
4443 4450 4778
4450 4451 2149
4443 4452 3301
4447 4453 4722
4445 4454 617
4448 4455 915
4447 4456 399
4452 4457 1993
4456 4458 4448
4454 4459 1151
4451 4460 4020
4456 4461 4397
4458 4462 1177
4460 4463 3488
4459 4464 4204
4464 4465 2978
4462 4466 249
4460 4467 4004
4461 4468 4032
4461 4469 2301
4465 4470 1662
4468 4471 2780
4465 4472 1533
4471 4473 3948
4473 4474 425
4473 4475 3193
4468 4476 3804
4468 4477 470
4477 4478 4411
4469 4479 4881
4479 4480 2444
4472 4481 2559
4477 4482 1089
4474 4483 4272
4482 4484 630
4482 4485 11
4483 4486 810
4481 4487 1788
4487 4488 2121
4480 4489 1951
4480 4490 1517
4483 4491 4746
4484 4492 3086
4486 4493 530
4485 4494 1998
4489 4495 4516
4488 4496 4205
4496 4497 4625
4489 4498 1927
4494 4499 2786
4496 4500 4196
4497 4501 4137
4500 4502 291
4501 4503 1135
4495 4504 2698
4500 4505 632
4502 4506 1035
4503 4507 2302
4499 4508 3953
4499 4509 3016
4507 4510 2577
4508 4511 691
4511 4512 1193
4507 4513 2497
4510 4514 1031
4507 4515 2095
4514 4516 3095
4511 4517 2598
4511 4518 1614
4509 4519 3866
4516 4520 4040
4519 4521 754
4520 4522 2292
4522 4523 3926
4518 4524 4157
4522 4525 1104
4525 4526 3162
4525 4527 4192
4524 4528 363
4519 4529 584
4527 4530 901
4526 4531 924
4525 4532 3391
4531 4533 3177
4531 4534 852
4527 4535 4462
4531 4536 1100
4530 4537 2474
4530 4538 679
4538 4539 4401
4532 4540 4701
4534 4541 894
4532 4542 3862
4539 4543 4096
4542 4544 3228
4540 4545 2882
4538 4546 2859
4540 4547 3414
4543 4548 1483
4542 4549 1393
4548 4550 4641
4543 4551 1413
4549 4552 1476
4546 4553 3450
4547 4554 1377
4552 4555 4834
4547 4556 4602
4550 4557 4121
4550 4558 2050
4555 4559 39
4558 4560 2531
4556 4561 4314
4556 4562 1499
4554 4563 1199
4556 4564 1686
4558 4565 2929
4559 4566 4524
4565 4567 1306
4559 4568 4477
4568 4569 2959
4565 4570 3402
4565 4571 3783
4570 4572 2549
4567 4573 1204
4566 4574 1359
4574 4575 1832
4573 4576 1767
4576 4577 1397
4573 4578 4275
4570 4579 3374
4572 4580 1369
4575 4581 3838
4581 4582 191
4576 4583 1239
4583 4584 1101
4577 4585 652
4577 4586 4348
4577 4587 1467
4578 4588 2556
4580 4589 752
4585 4590 517
4587 4591 4914
4586 4592 1731
4592 4593 3855
4589 4594 656
4590 4595 4015
4595 4596 1368
4594 4597 940
4592 4598 1099
4592 4599 307
4599 4600 3592
4597 4601 1342
4594 4602 3649
4599 4603 1419
4600 4604 1891
4600 4605 1591
4600 4606 3824
4599 4607 2495
4598 4608 1479
4608 4609 4170
4602 4610 1271
4606 4611 807
4608 4612 2358
4608 4613 2459
4606 4614 4570
4612 4615 1718
4612 4616 2679
4608 4617 4662
4613 4618 4034
4616 4619 3952
4619 4620 874
4620 4621 1843
4613 4622 686
4615 4623 3208
4623 4624 1890
4617 4625 2857
4619 4626 366
4619 4627 1801
4620 4628 1313
4621 4629 2040
4627 4630 4908
4629 4631 1293
4624 4632 4876
4625 4633 4839
4624 4634 2935
4631 4635 2763
4627 4636 4347
4632 4637 4898
4636 4638 1203
4636 4639 1042
4634 4640 2722
4634 4641 954
4637 4642 1748
4633 4643 157
4636 4644 1527
4635 4645 1078
4637 4646 1632
4638 4647 4252
4639 4648 16
4645 4649 2524
4646 4650 4137
4642 4651 3019
4642 4652 3178
4652 4653 4505
4653 4654 1898
4645 4655 507
4652 4656 3317
4649 4657 2655
4654 4658 872
4656 4659 1601
4656 4660 4181
4659 4661 1084
4652 4662 3990
4661 4663 686
4657 4664 3538
4657 4665 2812
4659 4666 3974
4666 4667 2667
4665 4668 1212
4664 4669 2804
4664 4670 1448
4669 4671 845
4665 4672 421
4668 4673 2156
4666 4674 1682
4672 4675 1128
4674 4676 4725
4676 4677 411
4670 4678 4712
4674 4679 3717
4673 4680 4475
4680 4681 1111
4673 4682 3377
4673 4683 3669
4675 4684 4764
4679 4685 1882
4679 4686 2198
4679 4687 1152
4680 4688 4946
4682 4689 981
4687 4690 3883
4689 4691 2975
4684 4692 2767
4686 4693 2093
4688 4694 761
4685 4695 1707
4688 4696 820
4693 4697 2683
4694 4698 1720
4696 4699 3687
4692 4700 745
4697 4701 3358
4700 4702 4850
4697 4703 4906
4696 4704 4392
4699 4705 1503
4698 4706 3844
4701 4707 4596
4702 4708 26
4704 4709 1411
4701 4710 939
4708 4711 2536
4709 4712 2237
4712 4713 2086
4706 4714 211
4714 4715 945
4709 4716 1473
4715 4717 22
4715 4718 1524
4712 4719 2251
4714 4720 1719
4712 4721 302
4712 4722 3236
4719 4723 4700
4715 4724 1389
4720 4725 3144
4719 4726 2373
4721 4727 3062
4719 4728 3166
4719 4729 3976
4729 4730 2939
4729 4731 4464
4729 4732 326
4732 4733 1305
4726 4734 3272
4731 4735 1875
4735 4736 3941
4733 4737 963
4733 4738 2789
4737 4739 2088
4739 4740 118
4733 4741 1545
4739 4742 1622
4740 4743 2322
4739 4744 1534
4741 4745 4088
4739 4746 2638
4746 4747 1110
4745 4748 2771
4743 4749 4656
4745 4750 2331
4750 4751 1337
4750 4752 2889
4752 4753 4342
4744 4754 2892
4751 4755 4984
4753 4756 4874
4755 4757 724
4752 4758 1489
4749 4759 4640
4757 4760 3506
4758 4761 3936
4755 4762 2147
4756 4763 2682
4757 4764 3640
4760 4765 1346
4764 4766 4799
4765 4767 3263
4760 4768 3994
4764 4769 2983
4763 4770 2503
4770 4771 552
4764 4772 3801
4763 4773 2354
4772 4774 1512
4773 4775 3472
4768 4776 3377
4767 4777 4938
4776 4778 1134
4774 4779 1300
4779 4780 1626
4771 4781 3460
4778 4782 2428
4779 4783 219
4774 4784 4307
4775 4785 4198
4781 4786 206
4778 4787 3640
4785 4788 4254
4780 4789 983
4785 4790 535
4782 4791 4330
4784 4792 1346
4791 4793 425
4786 4794 3302
4788 4795 797
4795 4796 4848
4796 4797 3596
4796 4798 4271
4790 4799 4295
4797 4800 2549
4793 4801 1497
4794 4802 4122
4796 4803 1323
4794 4804 806
4801 4805 984
4798 4806 707
4797 4807 766
4802 4808 1645
4800 4809 2954
4809 4810 1487
4803 4811 713
4808 4812 3736
4806 4813 2472
4811 4814 2229
4812 4815 751
4814 4816 3257
4809 4817 2550
4808 4818 1392
4816 4819 1997
4816 4820 1952
4817 4821 627
4821 4822 3260
4822 4823 1928
4822 4824 394
4819 4825 3170
4820 4826 4445
4821 4827 1822
4818 4828 3499
4827 4829 653
4822 4830 914
4827 4831 113
4829 4832 2745
4830 4833 3672
4824 4834 1454
4833 4835 2786
4831 4836 3846
4832 4837 1516
4836 4838 3943
4832 4839 451
4835 4840 263
4837 4841 1528
4836 4842 1049
4841 4843 1244
4839 4844 2732
4843 4845 200
4844 4846 1891
4845 4847 1838
4838 4848 2686
4845 4849 3680
4842 4850 4566
4850 4851 924
4843 4852 2011
4847 4853 691
4850 4854 1634
4851 4855 3213
4849 4856 2971
4851 4857 1716
4856 4858 2912
4852 4859 4213
4854 4860 3418
4858 4861 525
4856 4862 676
4858 4863 115
4861 4864 3652
4857 4865 3572
4862 4866 4128
4862 4867 4902
4864 4868 1808
4865 4869 369
4867 4870 4185
4867 4871 3636
4866 4872 3597
4863 4873 2597
4873 4874 6
4872 4875 4808
4868 4876 2029
4870 4877 111
4872 4878 2965
4870 4879 2064
4876 4880 3967
4871 4881 2440
4879 4882 211
4877 4883 407
4880 4884 1713
4884 4885 1084
4876 4886 875
4881 4887 3832
4881 4888 3935
4882 4889 3659
4883 4890 2818
4888 4891 4130
4889 4892 2439
4885 4893 1805
4885 4894 1128
4888 4895 4802
4890 4896 2000
4889 4897 3953
4890 4898 2447
4889 4899 1199
4894 4900 78
4892 4901 1258
4895 4902 4354
4897 4903 4159
4900 4904 4715
4897 4905 913
4898 4906 538
4898 4907 1792
4902 4908 2629
4900 4909 2328
4901 4910 1690
4907 4911 668
4908 4912 4618
4912 4913 4673
4904 4914 2210
4908 4915 4795
4912 4916 291
4913 4917 664
4911 4918 3273
4914 4919 2620
4913 4920 820
4914 4921 4007
4920 4922 3666
4913 4923 2800
4917 4924 193
4915 4925 1780
4924 4926 3071
4919 4927 4927
4927 4928 1039
4928 4929 114
4924 4930 3998
4926 4931 44
4928 4932 2680
4932 4933 3627
4927 4934 996
4934 4935 1197
4934 4936 4700
4929 4937 2172
4932 4938 4605
4931 4939 3746
4936 4940 928
4935 4941 2971
4935 4942 4712
4936 4943 4844
4940 4944 4813
4938 4945 4803
4939 4946 3012
4938 4947 3642
4947 4948 2077
4945 4949 1238
4948 4950 618
4946 4951 3084
4945 4952 2683
4945 4953 4618
4944 4954 3412
4952 4955 4077
4947 4956 3980
4955 4957 3030
4950 4958 2448
4950 4959 3720
4952 4960 4193
4953 4961 2825
4959 4962 1959
4961 4963 1153
4956 4964 1631
4963 4965 1850
4961 4966 892
4964 4967 3502
4967 4968 216
4959 4969 3717
4961 4970 223
4969 4971 1284
4969 4972 3619
4968 4973 887
4972 4974 1437
4966 4975 3688
4968 4976 4067
4967 4977 4325
4972 4978 3303
4972 4979 2601
4975 4980 2197
4972 4981 1266
4973 4982 564
4977 4983 1288
4977 4984 4737
4981 4985 2724
4977 4986 2196
4985 4987 4168
4978 4988 601
4986 4989 1906
4984 4990 3927
4989 4991 2969
4983 4992 434
4991 4993 2774
4985 4994 3924
4987 4995 4311
4995 4996 233
4993 4997 509
4995 4998 3721
4989 4999 1011
4991 5000 861
4993 5001 602
4997 5002 2871
5002 5003 3844
4998 5004 2276
4999 5005 1350
5002 5006 4942
4999 5007 1957
4999 5008 3299
5007 5009 1234
5009 5010 185
5010 5011 3254
5006 5012 3942
5003 5013 4042
5012 5014 3612
5008 5015 392
5007 5016 272
5007 5017 586
5016 5018 2836
5016 5019 4992
5012 5020 773
5017 5021 3807
5017 5022 4780
5022 5023 4951
5021 5024 1301
5021 5025 4674
5021 5026 2363
5018 5027 3509
5027 5028 4665
5021 5029 3766
5027 5030 4230
5030 5031 691
5023 5032 4163
5025 5033 1703
5030 5034 4165
5031 5035 2559
5026 5036 4348
5032 5037 642
5031 5038 2120
5030 5039 242
5035 5040 36
5031 5041 2045
5041 5042 2779
5035 5043 4475
5041 5044 1858
5042 5045 1262
5038 5046 2508
5043 5047 2582
5038 5048 1041
5040 5049 4702
5044 5050 1103
5048 5051 3793
5048 5052 267
5048 5053 1360
5051 5054 2895
5046 5055 4828
5055 5056 852
5055 5057 886
5057 5058 4630
5054 5059 920
5058 5060 897
5058 5061 3518
5060 5062 4246
5053 5063 2197
5057 5064 276
5060 5065 224
5058 5066 1794
5058 5067 1966
5062 5068 3221
5068 5069 774
5067 5070 4527
5067 5071 1182
5064 5072 3027
5067 5073 2498
5069 5074 1658
5074 5075 2283
5074 5076 1863
5074 5077 181
5068 5078 2317
5075 5079 3587
5075 5080 408
5076 5081 4370
5075 5082 4117
5081 5083 3349
5074 5084 3179
5075 5085 2794
5083 5086 4959
5085 5087 930
5085 5088 1843
5082 5089 782
5088 5090 3713
5088 5091 745
5083 5092 4226
5083 5093 1229
5088 5094 3795
5094 5095 2482
5090 5096 4362
5094 5097 2374
5091 5098 1030
5097 5099 4377
5098 5100 490
5095 5101 1410
5101 5102 3784
5093 5103 2878
5099 5104 1763
5100 5105 290
5096 5106 1394
5105 5107 3222
5104 5108 657
5106 5109 63
5100 5110 1243
5103 5111 3700
5105 5112 4359
5105 5113 2788
5105 5114 921
5106 5115 3677
5113 5116 4124
5116 5117 4529
5114 5118 1487
5112 5119 3454
5113 5120 3706
5117 5121 2154
5114 5122 551
5120 5123 2688
5116 5124 3262
5124 5125 4417
5122 5126 3863
5125 5127 3232
5125 5128 1659
5127 5129 2765
5121 5130 4435
5128 5131 2450
5129 5132 3955
5127 5133 963
5129 5134 3798
5133 5135 4303
5130 5136 1331
5132 5137 3869
5133 5138 555
5132 5139 1110
5133 5140 3716
5139 5141 3266
5140 5142 2713
5140 5143 3259
5139 5144 2059
5141 5145 3653
5142 5146 3616
5142 5147 3102
5145 5148 1595
5142 5149 1511
5148 5150 3923
5145 5151 1382
5148 5152 1360
5145 5153 1304
5152 5154 3892
5154 5155 1448
5153 5156 1985
5156 5157 4739
5157 5158 3834
5154 5159 4994
5150 5160 4229
5152 5161 2883
5152 5162 511
5157 5163 276
5158 5164 2971
5156 5165 4147
5165 5166 269
5164 5167 690
5164 5168 4085
5168 5169 1282
5163 5170 761
5168 5171 1837
5171 5172 2842
5167 5173 1432
5169 5174 2072
5167 5175 2056
5172 5176 934
5167 5177 4353
5173 5178 1039
5175 5179 3297
5172 5180 1426
5176 5181 1477
5173 5182 2954
5173 5183 3538
5181 5184 4054
5181 5185 4277
5180 5186 2712
5183 5187 556
5187 5188 895
5182 5189 1798
5181 5190 1698
5186 5191 1791
5183 5192 744
5183 5193 1481
5185 5194 1261
5194 5195 655
5189 5196 1290
5193 5197 2932
5192 5198 2798
5192 5199 3248
5194 5200 152
5199 5201 3665
5197 5202 3824
5193 5203 3342
5202 5204 3680
5200 5205 2571
5204 5206 4051
5205 5207 3437
5200 5208 2163
5205 5209 4560
5208 5210 2576
5209 5211 478
5204 5212 1934
5210 5213 3187
5206 5214 2320
5207 5215 4170
5208 5216 2394
5209 5217 4543
5212 5218 1987
5217 5219 1794
5213 5220 995
5214 5221 4624
5213 5222 4051
5215 5223 2337
5219 5224 3833
5217 5225 1954
5218 5226 4313
5225 5227 2997
5227 5228 1241
5220 5229 3377
5228 5230 3708
5227 5231 242
5222 5232 1495
5228 5233 4983
5224 5234 843
5228 5235 945
5226 5236 1604
5234 5237 3723
5232 5238 4292
5230 5239 374
5238 5240 2812
5234 5241 2997
5235 5242 2514
5235 5243 4052
5236 5244 2324
5236 5245 2392
5243 5246 3409
5240 5247 3676
5245 5248 4668
5243 5249 3802
5246 5250 3380
5244 5251 4084
5245 5252 1482
5246 5253 4081
5247 5254 876
5248 5255 2773
5248 5256 4948
5256 5257 1131
5249 5258 3238
5258 5259 3438
5252 5260 1776
5252 5261 3669
5252 5262 3272
5257 5263 4283
5259 5264 1094
5262 5265 231
5260 5266 4655
5260 5267 353
5266 5268 649
5268 5269 2958
5266 5270 2238
5263 5271 3000
5267 5272 3590
5270 5273 1172
5273 5274 1996
5271 5275 4707
5273 5276 4385
5270 5277 604
5268 5278 428
5269 5279 45
5270 5280 3814
5279 5281 1772
5281 5282 3239
5281 5283 2839
5278 5284 1908
5279 5285 1666
5278 5286 521
5281 5287 2467
5281 5288 3852
5285 5289 3253
5284 5290 928
5288 5291 2402
5282 5292 1353
5284 5293 2092
5290 5294 2805
5285 5295 4915
5293 5296 2779
5289 5297 2889
5293 5298 1141
5289 5299 1316
5292 5300 1019
5293 5301 419
5296 5302 3067
5301 5303 2846
5295 5304 2099
5300 5305 637
5303 5306 2394
5301 5307 2570
5307 5308 497
5307 5309 3060
5308 5310 4187
5301 5311 163
5309 5312 1680
5310 5313 3828
5311 5314 4358
5310 5315 1862
5312 5316 939
5310 5317 1933
5315 5318 2197
5311 5319 3460
5316 5320 1943
5317 5321 673
5321 5322 597
5316 5323 4415
5315 5324 1658
5322 5325 2296
5322 5326 4346
5324 5327 3331
5324 5328 3948
5320 5329 3917
5329 5330 3592
5322 5331 540
5327 5332 4377
5323 5333 1105
5333 5334 1383
5331 5335 1341
5335 5336 445
5327 5337 2090
5330 5338 4943
5331 5339 450
5335 5340 3295
5338 5341 927
5335 5342 424
5340 5343 2220
5342 5344 4537
5343 5345 4078
5344 5346 1435
5337 5347 3098
5338 5348 2544
5348 5349 3135
5341 5350 144
5349 5351 305
5346 5352 1387
5345 5353 2619
5346 5354 4553
5347 5355 1571
5351 5356 2295
5348 5357 4237
5350 5358 148
5350 5359 257
5357 5360 942
5358 5361 4659
5355 5362 2072
5358 5363 2041
5357 5364 4074
5362 5365 623
5360 5366 4720
5364 5367 1555
5360 5368 3533
5362 5369 3429
5368 5370 3999
5367 5371 781
5363 5372 2700
5363 5373 1408
5365 5374 3734
5365 5375 3247
5375 5376 718
5370 5377 2377
5373 5378 1645
5376 5379 3813
5378 5380 1422
5380 5381 2908
5379 5382 4240
5380 5383 2851
5381 5384 1842
5381 5385 1500
5383 5386 2786
5383 5387 2098
5383 5388 100
5381 5389 863
5383 5390 2931
5386 5391 2558
5384 5392 118
5392 5393 164
5391 5394 1469
5393 5395 736
5391 5396 548
5387 5397 2592
5389 5398 3572
5395 5399 2139
5393 5400 3511
5396 5401 2610
5400 5402 2929
5402 5403 663
5394 5404 1603
5403 5405 1490
5405 5406 4573
5401 5407 1111
5404 5408 3908
5403 5409 4720
5402 5410 1234
5403 5411 1243
5403 5412 1102
5406 5413 2346
5405 5414 4124
5414 5415 2767
5410 5416 767
5414 5417 3121
5413 5418 1670
5417 5419 3947
5414 5420 2519
5416 5421 2384
5419 5422 401
5422 5423 1981
5422 5424 484
5415 5425 1585
5417 5426 4182
5422 5427 2368
5424 5428 3981
5422 5429 2034
5425 5430 3526
5428 5431 91
5429 5432 625
5431 5433 4666
5433 5434 3624
5427 5435 2261
5429 5436 1683
5433 5437 1056
5432 5438 4748
5432 5439 2614
5431 5440 679
5432 5441 3539
5436 5442 3000
5436 5443 1370
5441 5444 4212
5441 5445 3073
5441 5446 4832
5442 5447 3628
5442 5448 1024
5445 5449 4966
5447 5450 3881
5449 5451 631
5448 5452 3946
5448 5453 3087
5452 5454 4544
5445 5455 4279
5454 5456 2048
5449 5457 1581
5456 5458 2381
5454 5459 1292
5450 5460 3690
5455 5461 1594
5457 5462 4270
5456 5463 1003
5461 5464 212
5460 5465 1380
5456 5466 4207
5460 5467 3013
5458 5468 1194
5463 5469 722
5463 5470 3267
5464 5471 4047
5470 5472 3647
5468 5473 706
5469 5474 4164
5468 5475 3815
5471 5476 4838
5468 5477 3764
5469 5478 3491
5478 5479 937
5471 5480 1940
5480 5481 772
5479 5482 3862
5478 5483 232
5481 5484 3259
5478 5485 4692
5480 5486 4534
5480 5487 3033
5478 5488 2591
5482 5489 4536
5480 5490 669
5488 5491 2494
5483 5492 1282
5486 5493 3703
5493 5494 4871
5490 5495 3361
5491 5496 2313
5494 5497 1177
5496 5498 2211
5491 5499 1201
5499 5500 3125
5491 5501 4107
5498 5502 3801
5494 5503 1439
5501 5504 3496
5501 5505 1853
5500 5506 673
5504 5507 4798
5507 5508 4673
5508 5509 1313
5504 5510 217
5501 5511 4478
5509 5512 3446
5504 5513 3115
5512 5514 3209
5514 5515 873
5506 5516 3325
5514 5517 823
5514 5518 2792
5518 5519 4312
5512 5520 4666
5515 5521 948
5518 5522 452
5521 5523 4754
5519 5524 2679
5520 5525 416
5517 5526 3875
5521 5527 3957
5521 5528 1180
5527 5529 1135
5523 5530 637
5523 5531 859
5525 5532 467
5523 5533 219
5533 5534 1039
5533 5535 2171
5526 5536 2834
5531 5537 2472
5532 5538 1892
5529 5539 3115
5537 5540 734
5533 5541 2979
5532 5542 1204
5537 5543 1427
5538 5544 715
5544 5545 3022
5537 5546 2547
5545 5547 130
5545 5548 230
5543 5549 1287
5543 5550 2013
5542 5551 4186
5548 5552 2317
5543 5553 3424
5547 5554 4496
5548 5555 3640
5549 5556 3946
5550 5557 192
5556 5558 394
5556 5559 905
5559 5560 2874
5555 5561 2140
5555 5562 2199
5561 5563 1835
5557 5564 3263
5559 5565 1819
5557 5566 2768
5563 5567 2905
5565 5568 3398
5567 5569 1026
5563 5570 3000
5565 5571 1258
5566 5572 4038
5565 5573 2830
5568 5574 1545
5567 5575 3169
5572 5576 4984
5575 5577 1076
5570 5578 2673
5570 5579 3433
5573 5580 260
5576 5581 3968
5574 5582 3010
5580 5583 1528
5577 5584 2919
5580 5585 4859
5576 5586 4907
5578 5587 1492
5585 5588 2006
5584 5589 205
5587 5590 4591
5584 5591 3434
5589 5592 4654
5591 5593 3094
5588 5594 4405
5585 5595 4973
5590 5596 3337
5590 5597 1335
5592 5598 4219
5598 5599 1140
5593 5600 591
5600 5601 4336
5597 5602 4510
5594 5603 4396
5599 5604 1510
5600 5605 3698
5604 5606 2172
5606 5607 1376
5600 5608 462
5601 5609 1303
5609 5610 564
5610 5611 670
5602 5612 4647
5612 5613 4166
5608 5614 800
5612 5615 3529
5613 5616 2825
5608 5617 4704
5612 5618 2347
5610 5619 4536
5615 5620 4583
5619 5621 2614
5620 5622 895
5619 5623 3273
5618 5624 4390
5618 5625 3634
5617 5626 1471
5620 5627 3668
5620 5628 244
5622 5629 2819
5625 5630 2049
5625 5631 4322
5626 5632 4964
5629 5633 1083
5632 5634 1773
5629 5635 4794
5635 5636 4667
5630 5637 1937
5630 5638 402
5629 5639 2314
5636 5640 645
5637 5641 1181
5633 5642 8
5640 5643 1985
5642 5644 232
5643 5645 4477
5644 5646 1272
5645 5647 1612
5647 5648 4553
5647 5649 3630
5649 5650 3567
5650 5651 2450
5642 5652 1334
5649 5653 3839
5646 5654 4754
5650 5655 2007
5654 5656 995
5648 5657 2160
5657 5658 1263
5652 5659 1975
5650 5660 1816
5655 5661 2279
5655 5662 4506
5658 5663 4087
5663 5664 612
5661 5665 676
5664 5666 4388
5664 5667 1732
5658 5668 967
5666 5669 1263
5663 5670 4616
5664 5671 926
5669 5672 1525
5667 5673 4070
5665 5674 746
5665 5675 2383
5670 5676 723
5674 5677 4233
5672 5678 1948
5669 5679 124
5679 5680 1937
5672 5681 4847
5680 5682 2062
5679 5683 1245
5679 5684 789
5675 5685 1319
5681 5686 4888
5685 5687 1387
5679 5688 2530
5687 5689 3847
5688 5690 3851
5688 5691 928
5683 5692 853
5685 5693 1662
5684 5694 2387
5687 5695 1714
5688 5696 3896
5696 5697 1660
5691 5698 1027
5691 5699 4323
5697 5700 2415
5697 5701 1252
5699 5702 1829
5697 5703 414
5696 5704 4238
5704 5705 213
5698 5706 3747
5706 5707 2693
5699 5708 81
5708 5709 707
5703 5710 1309
5702 5711 1752
5704 5712 1989
5712 5713 4313
5705 5714 3435
5705 5715 2102
5709 5716 2012
5707 5717 3570
5710 5718 4256
5711 5719 190
5717 5720 3304
5713 5721 2341
5719 5722 372
5716 5723 4682
5719 5724 3120
5720 5725 3818
5717 5726 4470
5717 5727 2045
5721 5728 2911
5724 5729 425
5728 5730 4758
5724 5731 4472
5728 5732 676
5730 5733 3860
5729 5734 468
5733 5735 3374
5732 5736 438
5729 5737 2486
5734 5738 4142
5733 5739 4910
5735 5740 1695
5740 5741 4538
5733 5742 4904
5740 5743 735
5743 5744 769
5741 5745 112
5742 5746 3616
5742 5747 2460
5740 5748 2419
5743 5749 72
5749 5750 4772
5744 5751 4718
5745 5752 1154
5745 5753 928
5751 5754 1172
5753 5755 211
5746 5756 4736
5748 5757 958
5751 5758 3191
5756 5759 1876
5751 5760 1752
5759 5761 4167
5753 5762 704
5761 5763 2026
5761 5764 2550
5757 5765 13
5765 5766 1564
5758 5767 2518
5765 5768 58
5764 5769 3988
5761 5770 4046
5761 5771 3585
5768 5772 3109
5768 5773 1476
5772 5774 2265
5767 5775 368
5772 5776 158
5769 5777 2581
5773 5778 2364
5774 5779 238
5778 5780 919
5780 5781 3464
5776 5782 1753
5779 5783 2018
5774 5784 2951
5784 5785 2645
5778 5786 3807
5786 5787 4594
5784 5788 3357
5788 5789 2127
5783 5790 765
5781 5791 1038
5783 5792 1382
5786 5793 4313
5790 5794 41
5791 5795 4917
5794 5796 4685
5792 5797 2863
5789 5798 3074
5789 5799 2768
5797 5800 1896
5794 5801 3720
5801 5802 2234
5796 5803 2810
5794 5804 4415
5803 5805 3191
5801 5806 2505
5805 5807 2662
5802 5808 3293
5800 5809 1078
5805 5810 917
5801 5811 4757
5810 5812 973
5804 5813 1948
5812 5814 769
5808 5815 38
5807 5816 4283
5808 5817 3330
5815 5818 3980
5810 5819 4710
5817 5820 4899
5816 5821 4157
5814 5822 2649
5819 5823 3008
5817 5824 1399
5817 5825 430
5817 5826 3352
5819 5827 3262
5819 5828 3749
5826 5829 1764
5827 5830 1377
5830 5831 1999
5831 5832 1549
5830 5833 263
5829 5834 3646
5825 5835 2241
5826 5836 2567
5830 5837 3987
5836 5838 3314
5830 5839 3853
5835 5840 297
5839 5841 4296
5832 5842 1610
5840 5843 3302
5841 5844 1598
5844 5845 3298
5840 5846 1493
5844 5847 2729
5844 5848 1896
5840 5849 3309
5845 5850 2529
5845 5851 2532
5851 5852 671
5844 5853 2615
5853 5854 4576
5854 5855 2226
5852 5856 5
5854 5857 1109
5853 5858 3078
5858 5859 2405
5850 5860 3213
5855 5861 1878
5855 5862 1398
5853 5863 4669
5857 5864 2851
5861 5865 3947
5863 5866 1695
5859 5867 2966
5865 5868 4662
5861 5869 2650
5865 5870 481
5861 5871 4770
5862 5872 3155
5866 5873 523
5869 5874 1482
5872 5875 3451
5873 5876 1638
5867 5877 4864
5877 5878 198
5871 5879 3210
5872 5880 4960
5876 5881 3351
5876 5882 229
5879 5883 973
5880 5884 1955
5879 5885 4024
5879 5886 3109
5878 5887 479
5884 5888 2683
5882 5889 1589
5885 5890 3936
5890 5891 1194
5890 5892 4811
5892 5893 2573
5892 5894 130
5885 5895 2320
5888 5896 7
5894 5897 1377
5888 5898 359
5889 5899 4175
5899 5900 3701
5896 5901 2426
5898 5902 2379
5894 5903 3721
5896 5904 4667
5899 5905 4508
5905 5906 1799
5904 5907 3725
5899 5908 3868
5900 5909 3519
5904 5910 3586
5906 5911 1294
5911 5912 4045
5912 5913 3748
5909 5914 3597
5907 5915 1767
5912 5916 2388
5914 5917 2027
5908 5918 1076
5918 5919 4714
5912 5920 3637
5913 5921 1769
5915 5922 4937
5914 5923 1062
5923 5924 4933
5922 5925 1925
5918 5926 2905
5924 5927 4519
5926 5928 671
5926 5929 2061
5925 5930 2
5924 5931 1363
5930 5932 1090
5932 5933 4823
5924 5934 2856
5931 5935 2111
5929 5936 512
5933 5937 42
5931 5938 1357
5936 5939 4030
5936 5940 2937
5931 5941 193
5935 5942 1669
5938 5943 3431
5941 5944 864
5939 5945 475
5936 5946 1851
5943 5947 3533
5944 5948 3092
5939 5949 1601
5948 5950 514
5944 5951 2904
5948 5952 3504
5951 5953 4785
5945 5954 4663
5949 5955 1494
5952 5956 1063
5948 5957 2664
5948 5958 2601
5957 5959 3920
5955 5960 3303
5956 5961 4374
5955 5962 3874
5953 5963 4731
5956 5964 2299
5962 5965 2809
5956 5966 2115
5966 5967 1099
5961 5968 1124
5959 5969 2444
5960 5970 1176
5964 5971 428
5967 5972 2520
5966 5973 1830
5966 5974 3947
5967 5975 222
5972 5976 2499
5971 5977 1765
5968 5978 1024
5970 5979 1796
5973 5980 278
5979 5981 2372
5979 5982 932
5978 5983 4658
5978 5984 894
5983 5985 2032
5981 5986 4561
5979 5987 79
5982 5988 672
5985 5989 1277
5989 5990 2945
5986 5991 1075
5989 5992 2726
5986 5993 2591
5987 5994 2567
5987 5995 2659
5993 5996 4706
5987 5997 650
5988 5998 4436
5992 5999 4258
5995 6000 3438
