1
6000
1 2 715
1 3 3262
1 4 4185
1 5 2993
4 6 1471
5 7 274
5 8 2726
2 9 1868
1 10 3314
9 11 2677
1 12 2518
12 13 4269
3 14 3733
13 15 4754
15 16 1194
13 17 321
5 18 1296
13 19 4915
6 20 763
11 21 4491
5 22 3397
2 23 670
3 24 1418
10 25 275
24 26 4875
1 27 3943
21 28 3627
14 29 3194
18 30 3701
8 31 2006
9 32 2593
21 33 635
7 34 3744
11 35 2571
28 36 2434
32 37 1641
15 38 2205
31 39 3676
8 40 3798
11 41 1163
34 42 3955
25 43 3935
14 44 2643
12 45 1720
27 46 2627
5 47 1526
34 48 4914
2 49 3785
10 50 4447
13 51 2536
25 52 3215
31 53 2888
26 54 1884
32 55 3382
2 56 4839
7 57 4237
50 58 4456
22 59 2264
21 60 4508
9 61 4220
12 62 507
19 63 1379
43 64 4916
21 65 4304
17 66 4455
13 67 4121
49 68 599
24 69 4361
9 70 3527
42 71 2130
4 72 2858
65 73 1296
59 74 4860
15 75 3731
32 76 305
26 77 1586
19 78 476
27 79 3273
18 80 4226
22 81 3730
13 82 2661
47 83 3661
29 84 4988
9 85 675
26 86 4317
74 87 499
49 88 4423
10 89 2078
48 90 4850
72 91 1947
10 92 820
80 93 879
5 94 1801
34 95 3930
92 96 3085
8 97 2705
37 98 3907
11 99 1480
23 100 3019
19 101 595
64 102 1486
82 103 1418
32 104 4174
54 105 3192
84 106 167
78 107 2119
98 108 3084
17 109 2467
64 110 2358
62 111 4485
104 112 4506
11 113 4077
35 114 4979
34 115 1422
91 116 2699
27 117 2522
94 118 3386
5 119 4074
2 120 4074
98 121 3559
101 122 1118
63 123 1634
70 124 2067
105 125 3447
110 126 4550
49 127 2580
90 128 4142
25 129 2818
90 130 3659
28 131 2046
84 132 995
83 133 3379
128 134 2773
123 135 2667
60 136 348
36 137 2623
80 138 4947
37 139 2042
77 140 4105
128 141 3255
103 142 3222
62 143 847
95 144 2269
80 145 3110
25 146 903
48 147 3429
128 148 2690
128 149 2051
95 150 3387
101 151 4563
86 152 1281
69 153 1891
145 154 4618
49 155 1631
120 156 3140
138 157 897
8 158 1802
63 159 3467
47 160 242
107 161 2091
34 162 602
133 163 678
42 164 348
96 165 3486
159 166 1138
30 167 4628
69 168 179
148 169 134
14 170 1651
87 171 895
171 172 1770
18 173 4102
69 174 4976
98 175 3444
106 176 2367
140 177 125
78 178 811
52 179 1400
50 180 2983
92 181 1691
65 182 1538
181 183 447
95 184 4546
176 185 2274
25 186 2558
102 187 2870
170 188 1430
59 189 3358
80 190 2029
149 191 2833
22 192 2185
92 193 2365
8 194 2347
180 195 2487
114 196 1859
160 197 2089
191 198 4327
83 199 3672
129 200 2177
38 201 3722
178 202 812
35 203 2138
30 204 3219
3 205 273
114 206 3227
191 207 4884
148 208 3874
7 209 1547
121 210 4004
20 211 2978
102 212 2043
201 213 1005
183 214 3690
204 215 3262
172 216 3496
187 217 4532
138 218 2397
175 219 1294
156 220 950
198 221 1551
8 222 1815
67 223 893
45 224 566
193 225 651
97 226 430
139 227 4096
103 228 3241
143 229 260
66 230 168
134 231 2812
170 232 4001
102 233 666
165 234 1326
231 235 2853
231 236 2277
88 237 2459
163 238 316
194 239 3162
81 240 1049
212 241 2866
220 242 103
52 243 4745
123 244 4658
193 245 44
141 246 3180
223 247 4076
231 248 3310
4 249 1153
245 250 2367
27 251 331
227 252 3099
37 253 3679
230 254 4816
70 255 105
107 256 4339
89 257 1050
9 258 4142
182 259 3087
86 260 1732
34 261 2909
96 262 1528
249 263 1365
30 264 3578
20 265 1186
198 266 587
227 267 2691
65 268 3213
106 269 1148
148 270 871
210 271 3398
8 272 1117
177 273 424
176 274 4598
43 275 2339
160 276 1442
62 277 3708
233 278 31
153 279 1740
91 280 4136
259 281 4429
242 282 1010
144 283 1
91 284 2672
109 285 1724
256 286 611
202 287 1309
211 288 2204
287 289 4045
168 290 1377
153 291 3769
263 292 4726
21 293 555
279 294 4233
10 295 1989
38 296 2381
22 297 1652
35 298 32
204 299 1806
207 300 1292
163 301 936
136 302 1086
32 303 1674
119 304 2066
224 305 2638
159 306 2811
272 307 1022
267 308 2114
46 309 3685
283 310 3209
8 311 2294
114 312 1044
151 313 937
169 314 2590
139 315 18
18 316 1019
171 317 2776
84 318 849
86 319 1346
81 320 1603
174 321 919
64 322 3725
197 323 3540
46 324 1643
184 325 3638
223 326 3989
63 327 2564
225 328 1277
94 329 1167
258 330 1567
233 331 4200
113 332 2127
319 333 3144
98 334 2910
212 335 729
111 336 4869
119 337 3809
306 338 745
222 339 2802
196 340 3301
179 341 4119
117 342 2245
209 343 3728
14 344 3563
158 345 3311
232 346 2806
219 347 1011
295 348 1605
251 349 4108
89 350 3486
29 351 3216
195 352 409
178 353 2687
173 354 3188
157 355 4394
230 356 4402
343 357 48
37 358 4121
287 359 644
61 360 2847
300 361 761
89 362 4135
223 363 2329
51 364 4626
216 365 1011
278 366 2297
208 367 2183
201 368 3861
288 369 4235
220 370 1503
198 371 1714
340 372 3036
340 373 4720
275 374 181
97 375 3095
104 376 4450
52 377 322
358 378 4474
190 379 2418
65 380 2027
38 381 3523
243 382 1736
21 383 3335
174 384 4857
272 385 1193
319 386 3031
26 387 3340
13 388 4949
177 389 2954
379 390 609
190 391 2291
349 392 1214
135 393 750
228 394 1942
357 395 1589
239 396 795
219 397 1457
158 398 5
212 399 296
75 400 4532
229 401 3674
100 402 603
322 403 2289
289 404 4862
115 405 373
32 406 240
396 407 277
154 408 4040
146 409 4562
91 410 4746
278 411 3248
318 412 3042
408 413 2449
317 414 2009
49 415 2123
30 416 142
58 417 3037
148 418 3012
87 419 1836
248 420 2914
71 421 3694
359 422 3917
402 423 939
138 424 2723
268 425 2745
98 426 1249
203 427 4155
167 428 920
131 429 3862
421 430 1799
6 431 4453
227 432 3025
218 433 770
162 434 3345
196 435 4976
67 436 1979
119 437 893
233 438 232
7 439 4016
244 440 1567
297 441 1560
342 442 3391
416 443 3439
191 444 2435
364 445 1162
281 446 1563
24 447 1739
131 448 4306
381 449 2330
345 450 3922
161 451 4713
396 452 2796
100 453 4099
43 454 1622
426 455 1902
408 456 2637
333 457 2167
230 458 3703
255 459 4829
44 460 4880
237 461 787
263 462 3871
389 463 1561
213 464 1427
170 465 3758
351 466 4862
110 467 2632
94 468 3782
465 469 3922
417 470 3895
331 471 3646
385 472 927
2 473 2920
13 474 3647
10 475 236
17 476 3372
277 477 2807
55 478 4799
208 479 2018
343 480 1676
10 481 534
301 482 2209
304 483 4701
166 484 1073
133 485 744
112 486 324
9 487 1407
134 488 249
291 489 1622
70 490 4377
269 491 432
259 492 1400
270 493 298
236 494 3257
171 495 3914
390 496 1204
109 497 1241
445 498 3559
60 499 193
130 500 3365
386 501 2114
24 502 2942
129 503 2251
45 504 3523
321 505 1792
223 506 4865
73 507 2405
126 508 3422
267 509 706
266 510 3390
342 511 2446
394 512 1329
50 513 4505
48 514 746
334 515 4808
61 516 4388
459 517 1625
111 518 3048
324 519 1367
518 520 4976
277 521 2508
309 522 3952
381 523 1231
335 524 1416
125 525 4724
114 526 4284
322 527 4319
168 528 1868
332 529 2548
528 530 4150
127 531 2859
161 532 4689
424 533 3716
217 534 685
512 535 3585
207 536 2929
209 537 208
435 538 1824
484 539 3717
287 540 1643
4 541 2741
219 542 4262
334 543 4534
216 544 150
9 545 77
372 546 4488
529 547 181
146 548 2053
263 549 4963
458 550 3330
291 551 3570
118 552 763
292 553 4827
540 554 4534
359 555 4447
208 556 4357
2 557 2922
210 558 257
410 559 912
290 560 1175
169 561 4192
339 562 1031
363 563 2934
501 564 1933
241 565 652
51 566 784
144 567 444
199 568 3108
177 569 4450
319 570 3064
351 571 3502
97 572 3581
155 573 1155
343 574 4903
331 575 1785
30 576 1752
555 577 783
282 578 4706
277 579 1233
77 580 4117
386 581 4720
33 582 2936
520 583 2682
476 584 3243
186 585 102
261 586 3953
138 587 2356
335 588 944
121 589 1786
184 590 3175
155 591 574
467 592 1916
164 593 3658
401 594 3299
461 595 1656
197 596 2646
107 597 3365
305 598 2825
430 599 2545
60 600 209
269 601 770
502 602 4294
77 603 2496
385 604 3436
129 605 2642
115 606 1288
26 607 4105
402 608 4229
318 609 3420
97 610 2300
187 611 28
257 612 895
188 613 3223
608 614 2085
544 615 3284
612 616 3085
545 617 1988
379 618 3829
520 619 2507
571 620 3306
349 621 4721
544 622 1964
577 623 3250
269 624 2629
360 625 186
604 626 3316
345 627 673
54 628 3148
333 629 1109
166 630 876
353 631 4096
198 632 974
157 633 1728
295 634 4843
32 635 1803
50 636 1252
423 637 3664
471 638 3825
181 639 3150
35 640 4357
244 641 2976
227 642 2393
420 643 2718
13 644 970
549 645 4473
91 646 4612
488 647 4265
100 648 3876
422 649 4807
422 650 3826
432 651 1656
596 652 2654
543 653 4888
595 654 2075
331 655 4707
303 656 1925
374 657 4199
281 658 3652
311 659 4343
247 660 3623
326 661 2930
114 662 4001
118 663 2732
188 664 1470
455 665 863
453 666 3244
295 667 1720
503 668 2485
370 669 1098
115 670 1878
415 671 1390
430 672 3810
237 673 2083
4 674 1379
601 675 694
168 676 411
382 677 1376
168 678 2807
178 679 1572
315 680 4264
197 681 2972
673 682 4912
336 683 1680
344 684 710
154 685 3422
297 686 551
122 687 2708
265 688 1270
461 689 4137
15 690 66
89 691 4119
471 692 177
529 693 4318
385 694 827
343 695 4228
311 696 2796
4 697 3251
643 698 3760
524 699 3851
279 700 3545
210 701 2814
188 702 4627
265 703 863
494 704 657
99 705 1491
506 706 45
6 707 1013
214 708 2088
702 709 1366
44 710 909
478 711 105
338 712 800
70 713 984
444 714 4474
483 715 895
550 716 3788
607 717 4453
292 718 3860
263 719 1389
405 720 2744
414 721 1828
277 722 2265
698 723 3729
400 724 3295
192 725 1016
131 726 4257
640 727 214
339 728 3853
129 729 428
679 730 2601
542 731 4456
313 732 1586
310 733 1219
291 734 505
677 735 1952
170 736 1660
154 737 2901
318 738 673
212 739 912
18 740 1943
414 741 2625
701 742 3197
411 743 4270
93 744 2469
55 745 1334
24 746 4422
89 747 2653
96 748 2271
621 749 4799
486 750 4377
367 751 3936
221 752 476
230 753 3345
525 754 2019
644 755 2151
348 756 4113
637 757 393
374 758 1545
429 759 3941
569 760 377
367 761 1834
341 762 2460
628 763 1169
79 764 3442
762 765 2743
71 766 2773
471 767 906
236 768 891
609 769 1227
735 770 2015
401 771 4077
473 772 3610
509 773 287
514 774 2919
343 775 23
345 776 4295
460 777 1700
73 778 2833
354 779 2656
617 780 751
443 781 1147
483 782 1828
379 783 1311
562 784 285
749 785 2477
552 786 4132
748 787 4582
324 788 1649
151 789 3490
51 790 1232
674 791 2173
445 792 4290
485 793 4364
540 794 2395
743 795 3671
505 796 1133
455 797 1974
603 798 2629
214 799 371
82 800 416
292 801 472
314 802 3532
273 803 1641
123 804 283
515 805 2983
415 806 4852
202 807 1011
573 808 1462
503 809 1899
401 810 1850
638 811 4383
744 812 2458
466 813 4993
213 814 3024
55 815 2937
719 816 2055
12 817 2639
644 818 1685
474 819 523
240 820 1563
426 821 1429
168 822 822
449 823 306
469 824 3965
231 825 4667
274 826 2322
797 827 2547
301 828 1930
403 829 1784
363 830 1964
165 831 258
665 832 3504
472 833 4772
54 834 4877
168 835 294
380 836 4333
495 837 406
783 838 3980
472 839 1282
94 840 2269
701 841 3691
105 842 780
691 843 1010
839 844 3730
638 845 4115
819 846 3181
212 847 249
21 848 4876
811 849 3269
570 850 3824
456 851 729
783 852 863
766 853 3796
429 854 2549
237 855 4374
768 856 211
635 857 4983
609 858 1799
233 859 3021
511 860 4521
29 861 2574
128 862 4964
135 863 3104
789 864 1057
67 865 4519
780 866 3239
753 867 668
603 868 3200
403 869 514
17 870 4735
9 871 4097
834 872 108
755 873 2015
27 874 1419
383 875 2013
607 876 2398
241 877 482
137 878 1554
735 879 2689
265 880 4177
597 881 633
628 882 1648
358 883 761
761 884 4778
718 885 4825
442 886 3043
119 887 1416
10 888 4519
98 889 2107
283 890 249
374 891 4365
335 892 3721
630 893 826
569 894 809
873 895 1546
276 896 866
549 897 1392
100 898 4383
271 899 3976
449 900 4680
658 901 4838
496 902 3145
450 903 586
280 904 3705
399 905 3962
111 906 4155
293 907 492
664 908 1721
316 909 2684
614 910 341
832 911 4859
690 912 445
141 913 2406
876 914 3345
363 915 3201
521 916 2213
403 917 2716
115 918 3742
719 919 4785
648 920 4088
352 921 2960
738 922 4404
677 923 1307
378 924 2553
133 925 3446
128 926 3853
705 927 1328
717 928 3587
830 929 3580
560 930 3753
676 931 335
806 932 2353
64 933 4591
20 934 2844
708 935 1430
908 936 1243
887 937 73
308 938 4582
23 939 2311
215 940 2972
759 941 375
154 942 4107
747 943 4721
91 944 729
765 945 3570
370 946 2012
358 947 448
513 948 135
129 949 4895
814 950 855
165 951 3237
34 952 3707
517 953 3243
823 954 2520
398 955 4302
113 956 2926
748 957 4833
74 958 3812
938 959 2982
218 960 2601
58 961 905
885 962 1991
875 963 4533
336 964 1931
186 965 346
876 966 4780
577 967 1235
786 968 2202
243 969 2738
732 970 2631
615 971 4450
7 972 2090
20 973 2475
864 974 1287
734 975 2127
236 976 2720
311 977 4844
220 978 792
450 979 4381
164 980 4615
460 981 876
391 982 3264
917 983 4203
957 984 2665
829 985 1446
747 986 2324
271 987 3065
364 988 2584
230 989 3124
266 990 3689
540 991 3578
782 992 4945
949 993 1236
310 994 2079
734 995 4343
401 996 387
846 997 2539
169 998 4966
263 999 1260
869 1000 4137
985 1001 618
638 1002 2785
942 1003 1970
767 1004 4153
213 1005 4668
659 1006 2336
405 1007 3629
524 1008 1484
700 1009 1352
713 1010 4941
653 1011 2183
248 1012 4373
425 1013 2746
628 1014 1044
198 1015 3402
946 1016 131
449 1017 3913
812 1018 656
811 1019 1963
709 1020 1138
380 1021 3615
337 1022 4047
804 1023 4162
983 1024 538
1006 1025 4696
948 1026 4044
684 1027 3214
691 1028 1383
928 1029 4428
564 1030 1952
301 1031 339
647 1032 2459
256 1033 3492
157 1034 4946
805 1035 4197
556 1036 1259
692 1037 336
535 1038 1957
21 1039 4065
612 1040 4889
72 1041 644
269 1042 2624
556 1043 1983
736 1044 1869
810 1045 4390
661 1046 4838
446 1047 2071
600 1048 3908
888 1049 13
985 1050 4675
798 1051 1525
142 1052 2970
818 1053 616
721 1054 1202
328 1055 2517
972 1056 2657
72 1057 2653
1056 1058 545
478 1059 3129
885 1060 4135
944 1061 1769
434 1062 3735
177 1063 3316
67 1064 2290
445 1065 2864
109 1066 3482
817 1067 1136
915 1068 1646
45 1069 1331
815 1070 559
274 1071 4166
561 1072 4716
100 1073 2889
442 1074 827
623 1075 4357
233 1076 4805
35 1077 4029
229 1078 3863
956 1079 1548
315 1080 1653
151 1081 359
210 1082 1583
721 1083 4700
191 1084 4713
891 1085 565
144 1086 4260
192 1087 932
771 1088 2476
554 1089 341
458 1090 3192
254 1091 2854
175 1092 2899
453 1093 918
641 1094 1207
296 1095 4298
768 1096 3082
854 1097 2971
1027 1098 4653
859 1099 4072
409 1100 1608
447 1101 178
249 1102 2864
109 1103 1594
204 1104 1641
798 1105 3593
538 1106 4993
148 1107 2770
345 1108 2554
240 1109 3343
187 1110 2491
557 1111 2798
313 1112 4404
851 1113 941
832 1114 1584
166 1115 2734
1089 1116 1843
562 1117 1488
364 1118 1601
154 1119 173
835 1120 35
903 1121 4806
149 1122 2467
933 1123 1945
965 1124 4243
665 1125 1604
342 1126 2791
922 1127 1082
591 1128 332
935 1129 1402
516 1130 2965
391 1131 4866
427 1132 1389
367 1133 4938
651 1134 490
80 1135 4534
276 1136 54
972 1137 205
21 1138 707
30 1139 951
384 1140 184
725 1141 3992
568 1142 1606
1085 1143 2219
539 1144 9
911 1145 1256
230 1146 4946
39 1147 2701
693 1148 1613
856 1149 4188
136 1150 4675
645 1151 779
967 1152 4334
443 1153 4703
809 1154 660
255 1155 3776
830 1156 4176
419 1157 3563
609 1158 4488
669 1159 1792
914 1160 99
36 1161 417
360 1162 4871
931 1163 3183
107 1164 2344
915 1165 669
536 1166 3706
105 1167 525
457 1168 3235
309 1169 2194
540 1170 1385
912 1171 4588
70 1172 647
895 1173 170
80 1174 548
947 1175 4365
1025 1176 4553
677 1177 683
548 1178 2860
899 1179 4235
253 1180 2249
224 1181 3213
610 1182 2201
1018 1183 812
1078 1184 1844
670 1185 4884
232 1186 2091
1006 1187 4626
563 1188 662
499 1189 2234
101 1190 3593
631 1191 3381
69 1192 252
776 1193 285
737 1194 1137
66 1195 3339
208 1196 4802
958 1197 1497
424 1198 3844
64 1199 2025
102 1200 3547
410 1201 3768
1114 1202 986
902 1203 4400
434 1204 4241
16 1205 4118
259 1206 1588
702 1207 1068
45 1208 991
1189 1209 1228
653 1210 4124
300 1211 2743
592 1212 1501
335 1213 4526
316 1214 2003
575 1215 3713
800 1216 2686
1009 1217 1073
1189 1218 3260
784 1219 1976
232 1220 1574
827 1221 4480
398 1222 3195
1147 1223 3026
477 1224 1371
830 1225 3823
481 1226 2149
307 1227 1936
919 1228 2196
809 1229 719
618 1230 2677
761 1231 2569
33 1232 4488
458 1233 4321
824 1234 385
1000 1235 4419
488 1236 1406
1054 1237 4940
1200 1238 1888
1191 1239 2117
95 1240 1781
839 1241 3613
735 1242 4545
969 1243 884
1035 1244 1960
1217 1245 2568
792 1246 2685
922 1247 1353
1198 1248 4788
659 1249 564
280 1250 1475
782 1251 4658
1090 1252 4003
502 1253 3348
689 1254 3946
76 1255 4028
451 1256 4949
1202 1257 1585
182 1258 2928
339 1259 1917
515 1260 2959
167 1261 2776
446 1262 3367
158 1263 522
124 1264 1811
1040 1265 2827
451 1266 3771
1007 1267 535
690 1268 693
1206 1269 4517
985 1270 3114
128 1271 52
493 1272 3648
459 1273 1169
881 1274 2613
911 1275 1888
373 1276 2271
106 1277 1087
57 1278 2592
449 1279 530
1176 1280 1255
718 1281 3436
440 1282 2398
132 1283 1297
1113 1284 2617
458 1285 1521
525 1286 1944
536 1287 2067
717 1288 4158
441 1289 1390
596 1290 4016
592 1291 874
489 1292 3374
659 1293 2230
950 1294 3815
911 1295 2525
345 1296 143
876 1297 2137
123 1298 899
398 1299 371
749 1300 2852
1125 1301 4239
64 1302 3975
159 1303 2118
1163 1304 4038
392 1305 1036
858 1306 3624
1208 1307 4074
251 1308 1997
257 1309 3837
819 1310 4117
316 1311 2736
597 1312 1980
1058 1313 1339
1286 1314 4847
324 1315 4868
797 1316 3404
331 1317 3808
963 1318 1759
121 1319 649
820 1320 1118
1087 1321 3187
821 1322 1077
609 1323 917
420 1324 1169
789 1325 2069
618 1326 2966
199 1327 2381
2 1328 3576
920 1329 2165
1008 1330 2824
144 1331 3691
144 1332 845
234 1333 4558
812 1334 3187
248 1335 3797
1236 1336 199
648 1337 331
5 1338 2353
270 1339 21
155 1340 2529
69 1341 4419
610 1342 3343
438 1343 238
1038 1344 555
184 1345 603
1194 1346 2997
644 1347 4601
1237 1348 3115
10 1349 1468
763 1350 397
850 1351 2880
629 1352 3704
373 1353 4915
561 1354 510
611 1355 1062
1090 1356 1333
2 1357 2352
613 1358 4438
201 1359 61
104 1360 453
888 1361 1152
619 1362 113
139 1363 2518
1302 1364 1844
1290 1365 234
1175 1366 743
539 1367 1955
1093 1368 4788
512 1369 4902
546 1370 1169
560 1371 1746
1329 1372 1464
1217 1373 2578
122 1374 797
525 1375 3202
693 1376 4303
801 1377 3369
1273 1378 4038
45 1379 4512
230 1380 1120
1167 1381 488
44 1382 2982
1369 1383 2132
539 1384 2359
1211 1385 1266
669 1386 2740
701 1387 3168
1089 1388 1342
247 1389 3867
521 1390 1424
854 1391 2964
851 1392 2612
38 1393 3284
49 1394 4052
938 1395 2111
1218 1396 2872
159 1397 2016
618 1398 4727
1369 1399 429
158 1400 3795
836 1401 2125
1136 1402 713
522 1403 4359
339 1404 39
821 1405 2139
241 1406 748
834 1407 1624
1146 1408 2775
871 1409 3827
1030 1410 3678
1221 1411 2887
154 1412 423
369 1413 266
964 1414 1172
150 1415 40
334 1416 3998
841 1417 3059
1106 1418 1103
441 1419 2209
204 1420 1192
37 1421 3567
654 1422 3638
1187 1423 4357
142 1424 3661
617 1425 3264
1226 1426 2741
1006 1427 4457
364 1428 4010
327 1429 1911
953 1430 3540
1230 1431 2589
70 1432 4564
1414 1433 3047
788 1434 1436
1081 1435 4432
1383 1436 741
612 1437 770
790 1438 1966
712 1439 2667
950 1440 4609
278 1441 3421
306 1442 4707
543 1443 2842
822 1444 1407
1216 1445 3500
478 1446 1438
278 1447 474
829 1448 1048
1256 1449 3108
568 1450 274
465 1451 4331
736 1452 2466
405 1453 1740
1183 1454 4529
758 1455 4145
487 1456 4649
1082 1457 2239
684 1458 2151
287 1459 1348
985 1460 2496
1079 1461 1339
1375 1462 2783
248 1463 3632
244 1464 820
254 1465 4808
1261 1466 2711
1364 1467 2442
746 1468 2036
1076 1469 76
665 1470 2317
1452 1471 4049
1090 1472 2869
64 1473 4808
625 1474 1145
1269 1475 3771
904 1476 764
368 1477 709
744 1478 4366
674 1479 4310
1402 1480 4293
206 1481 3649
631 1482 2625
1001 1483 1365
1023 1484 2288
1177 1485 3308
1369 1486 1607
1479 1487 1378
1484 1488 3476
1100 1489 4433
1489 1490 635
1227 1491 4873
707 1492 593
569 1493 3167
1033 1494 4539
1480 1495 404
92 1496 1247
450 1497 1227
1208 1498 4055
1114 1499 152
77 1500 1249
1290 1501 1249
232 1502 1162
1162 1503 4990
1260 1504 1525
224 1505 3596
994 1506 2515
111 1507 936
1081 1508 776
1268 1509 3019
1399 1510 1478
1421 1511 3392
94 1512 3419
270 1513 343
900 1514 4408
783 1515 837
1339 1516 4809
237 1517 4856
754 1518 4910
1395 1519 4535
1127 1520 4734
239 1521 1449
1006 1522 687
239 1523 4054
1388 1524 1296
1480 1525 1350
79 1526 4672
1162 1527 3809
1452 1528 205
1332 1529 4204
844 1530 3843
880 1531 2345
321 1532 2800
1340 1533 1756
4 1534 1126
563 1535 4187
565 1536 745
1111 1537 3028
197 1538 1742
984 1539 729
478 1540 4637
722 1541 2779
1422 1542 3205
706 1543 2526
1410 1544 2028
1348 1545 2830
623 1546 853
1480 1547 2873
385 1548 1306
1428 1549 3580
279 1550 2360
592 1551 899
1270 1552 1392
161 1553 3328
1078 1554 1756
84 1555 4468
25 1556 1322
1109 1557 4078
1137 1558 1467
1228 1559 1350
1276 1560 200
195 1561 528
1389 1562 3681
1229 1563 2766
318 1564 4074
922 1565 2212
491 1566 3295
341 1567 1195
1004 1568 3964
245 1569 3318
1111 1570 3637
102 1571 3985
547 1572 3929
1410 1573 878
1170 1574 2840
94 1575 3418
659 1576 2441
421 1577 3734
1055 1578 2464
715 1579 490
138 1580 3566
928 1581 955
274 1582 3764
1479 1583 2285
906 1584 1396
1310 1585 2084
1179 1586 4161
179 1587 2749
1497 1588 1159
346 1589 4262
962 1590 4294
1546 1591 1092
475 1592 3758
987 1593 3741
1473 1594 4581
268 1595 2134
1002 1596 3404
1098 1597 1181
968 1598 3421
1274 1599 1790
1198 1600 2871
227 1601 1444
1415 1602 4815
1150 1603 4179
390 1604 997
631 1605 2364
1143 1606 102
1250 1607 2872
724 1608 17
1220 1609 4355
1245 1610 2846
276 1611 3640
755 1612 3870
359 1613 988
1348 1614 968
742 1615 4180
1045 1616 3794
1023 1617 3154
1035 1618 609
1400 1619 1089
763 1620 1310
335 1621 3749
748 1622 4723
485 1623 3837
324 1624 2834
419 1625 3589
499 1626 4509
300 1627 3888
360 1628 343
1220 1629 4067
1187 1630 2915
897 1631 847
159 1632 1870
924 1633 1013
1559 1634 3891
1266 1635 3819
1017 1636 3685
112 1637 1752
1373 1638 4407
112 1639 4411
775 1640 676
422 1641 1290
906 1642 3330
970 1643 3984
682 1644 3261
665 1645 2042
1217 1646 1626
793 1647 3191
281 1648 1626
180 1649 4215
544 1650 3953
415 1651 1691
1224 1652 3016
1294 1653 4762
839 1654 1478
1078 1655 3007
303 1656 1088
968 1657 2176
486 1658 2268
927 1659 555
801 1660 86
521 1661 1916
1320 1662 3058
925 1663 715
385 1664 4075
1318 1665 2651
56 1666 3275
893 1667 2877
797 1668 822
398 1669 131
184 1670 1394
823 1671 4073
665 1672 980
963 1673 3441
629 1674 440
1117 1675 3115
1534 1676 159
1568 1677 4345
1164 1678 57
268 1679 4630
784 1680 3112
130 1681 4134
1275 1682 327
46 1683 3295
788 1684 2734
1129 1685 4315
1143 1686 2257
962 1687 1755
1595 1688 4693
853 1689 2173
1639 1690 1889
855 1691 3414
1568 1692 172
1443 1693 2922
536 1694 1812
245 1695 842
51 1696 4282
1548 1697 902
1200 1698 865
1032 1699 3925
1244 1700 580
478 1701 3041
1321 1702 4138
1312 1703 888
688 1704 3915
1170 1705 2433
1 1706 2748
447 1707 2895
239 1708 2660
369 1709 134
495 1710 817
27 1711 4650
896 1712 3687
1233 1713 3537
324 1714 4247
101 1715 1332
588 1716 2415
926 1717 1426
1271 1718 543
548 1719 4356
320 1720 3811
1110 1721 1141
1529 1722 1019
1061 1723 1044
544 1724 2271
1349 1725 4532
281 1726 2989
471 1727 4463
314 1728 1830
651 1729 1679
1196 1730 521
1304 1731 3075
1529 1732 3465
683 1733 3358
742 1734 2977
545 1735 913
312 1736 3854
45 1737 628
685 1738 1191
1090 1739 4096
568 1740 1854
783 1741 4952
766 1742 4473
1170 1743 4786
833 1744 3475
300 1745 1721
1455 1746 2028
643 1747 4081
1676 1748 3903
27 1749 2369
306 1750 3279
629 1751 3451
963 1752 3933
1265 1753 4041
1269 1754 3938
1575 1755 3822
780 1756 3005
1188 1757 824
1181 1758 1017
358 1759 1363
1623 1760 4522
553 1761 1616
1657 1762 1838
1086 1763 4633
1169 1764 4780
47 1765 3633
787 1766 1724
1707 1767 2897
46 1768 4684
1655 1769 2492
716 1770 3097
1138 1771 2850
616 1772 695
1128 1773 3159
579 1774 3286
985 1775 3727
741 1776 1626
899 1777 847
829 1778 3824
1580 1779 666
1281 1780 4189
319 1781 384
1315 1782 1689
834 1783 494
559 1784 4056
714 1785 4988
1241 1786 4723
986 1787 2231
1484 1788 4106
560 1789 1111
228 1790 2225
1071 1791 13
1088 1792 3510
256 1793 4509
1610 1794 3878
1453 1795 2081
1607 1796 2347
1139 1797 283
609 1798 2281
454 1799 3235
31 1800 4526
502 1801 4482
697 1802 2980
135 1803 753
1185 1804 2184
1452 1805 1988
213 1806 4323
521 1807 4423
793 1808 619
1256 1809 4193
100 1810 1139
1144 1811 2560
572 1812 1544
373 1813 2386
1471 1814 122
1155 1815 1503
135 1816 654
631 1817 526
1615 1818 3110
332 1819 3872
23 1820 1887
920 1821 2800
1684 1822 4212
1049 1823 487
1281 1824 673
1567 1825 402
1030 1826 40
1104 1827 562
286 1828 4594
382 1829 3388
941 1830 2709
741 1831 1397
1777 1832 4159
1493 1833 1770
103 1834 4685
991 1835 2909
418 1836 4420
49 1837 4407
10 1838 3292
1561 1839 1869
481 1840 4996
1349 1841 830
1426 1842 964
1632 1843 3382
553 1844 429
831 1845 2535
657 1846 2961
1796 1847 936
813 1848 4986
1574 1849 4484
1595 1850 3861
1586 1851 4727
1699 1852 2404
610 1853 4008
944 1854 1300
357 1855 1517
518 1856 2013
406 1857 1559
1070 1858 4402
629 1859 2007
1537 1860 2383
362 1861 606
1506 1862 1469
1484 1863 2561
1280 1864 3147
1784 1865 2488
892 1866 3673
873 1867 4450
1623 1868 1962
363 1869 2766
1031 1870 3176
1568 1871 800
896 1872 1009
611 1873 943
53 1874 1623
1780 1875 4284
1432 1876 289
1541 1877 1588
707 1878 1146
1693 1879 327
436 1880 4708
1139 1881 3343
719 1882 4093
1589 1883 1459
109 1884 101
1492 1885 3837
869 1886 3906
979 1887 4547
805 1888 1406
1172 1889 1534
498 1890 4883
1795 1891 3655
284 1892 1373
1147 1893 4860
1644 1894 1008
684 1895 972
574 1896 1582
627 1897 4401
840 1898 2739
1825 1899 1341
113 1900 2944
764 1901 4136
209 1902 3680
1540 1903 2808
914 1904 2493
107 1905 2112
766 1906 2364
1896 1907 4421
419 1908 4139
1458 1909 1244
1474 1910 2920
1095 1911 4883
1038 1912 1305
111 1913 4455
1103 1914 4448
753 1915 4145
88 1916 2782
1883 1917 553
758 1918 2904
1205 1919 345
47 1920 2436
314 1921 677
789 1922 4235
1087 1923 3350
1872 1924 3685
54 1925 1982
1900 1926 2843
189 1927 2488
535 1928 1875
539 1929 2919
304 1930 2512
88 1931 4704
781 1932 3859
1730 1933 245
283 1934 3074
55 1935 2677
1620 1936 2121
180 1937 4109
1794 1938 868
351 1939 3938
1679 1940 23
1368 1941 2040
935 1942 3710
1702 1943 4773
1889 1944 261
670 1945 803
703 1946 815
1294 1947 3482
1485 1948 4539
1361 1949 16
542 1950 326
903 1951 1275
411 1952 560
577 1953 3669
1137 1954 1551
813 1955 697
367 1956 4478
325 1957 4929
321 1958 301
1129 1959 4201
1459 1960 3195
1073 1961 1935
1699 1962 889
1900 1963 2788
149 1964 3436
796 1965 4337
810 1966 4228
1798 1967 2825
203 1968 746
1138 1969 2008
1102 1970 2852
599 1971 1584
636 1972 3742
1808 1973 4134
1268 1974 699
1125 1975 4116
875 1976 1747
1808 1977 4869
1189 1978 2228
221 1979 1222
1674 1980 2701
603 1981 3812
1747 1982 1190
448 1983 1560
1388 1984 914
192 1985 4657
1617 1986 2961
1172 1987 4582
1415 1988 2091
1639 1989 796
896 1990 3874
291 1991 2917
439 1992 3206
1296 1993 2811
1544 1994 4141
556 1995 465
1395 1996 1629
618 1997 3587
1281 1998 4352
823 1999 880
1218 2000 1410
1976 2001 3802
108 2002 1682
1893 2003 435
1124 2004 4379
339 2005 1088
272 2006 4109
1600 2007 3978
1162 2008 1399
1114 2009 1099
1956 2010 3537
1679 2011 1362
1395 2012 2960
273 2013 1705
825 2014 2599
1225 2015 3514
954 2016 4165
536 2017 195
768 2018 2148
608 2019 1894
2014 2020 2319
995 2021 2990
1038 2022 2162
624 2023 4513
1735 2024 1821
1125 2025 3309
476 2026 3032
1455 2027 1306
657 2028 4378
334 2029 4304
349 2030 4037
593 2031 2442
353 2032 1793
403 2033 3027
1640 2034 2970
2013 2035 3869
381 2036 3728
1524 2037 952
377 2038 3834
1559 2039 140
351 2040 2651
246 2041 1823
1438 2042 3831
1555 2043 3399
1446 2044 1090
1114 2045 2173
1180 2046 2750
1454 2047 4209
787 2048 922
1874 2049 1702
1193 2050 1373
1099 2051 674
1583 2052 689
1801 2053 922
1870 2054 440
649 2055 1814
447 2056 1001
1439 2057 2419
83 2058 3957
1612 2059 3523
821 2060 4455
1255 2061 4399
1023 2062 2975
274 2063 3034
677 2064 3054
1923 2065 4043
1063 2066 1852
796 2067 965
1046 2068 1217
1523 2069 4343
1184 2070 1764
1496 2071 1914
1275 2072 1201
1101 2073 1229
113 2074 3590
1763 2075 2206
1233 2076 1674
1306 2077 3993
133 2078 3486
697 2079 2605
1608 2080 355
176 2081 2795
1699 2082 2894
43 2083 864
1940 2084 1116
1777 2085 3267
833 2086 2536
1770 2087 2474
1999 2088 1639
1640 2089 1265
1669 2090 97
1236 2091 4327
855 2092 3886
1475 2093 3269
1210 2094 2542
2090 2095 4135
37 2096 4387
687 2097 100
2054 2098 2031
1549 2099 2380
976 2100 2363
978 2101 2670
1833 2102 4537
1212 2103 4369
1839 2104 2962
921 2105 1216
1095 2106 4063
674 2107 4223
568 2108 4432
788 2109 1038
615 2110 17
1958 2111 110
1609 2112 4546
1117 2113 1135
325 2114 3932
1713 2115 2419
1786 2116 3067
129 2117 476
1274 2118 1367
1599 2119 1987
1268 2120 4919
370 2121 3201
492 2122 4060
15 2123 2901
557 2124 4629
1620 2125 3698
705 2126 1122
1866 2127 2091
366 2128 4425
675 2129 2343
988 2130 4535
1243 2131 1454
2013 2132 2209
1692 2133 1780
1466 2134 788
1550 2135 673
44 2136 52
841 2137 3410
2052 2138 148
1346 2139 3308
1925 2140 1049
1137 2141 3013
628 2142 2565
1401 2143 2673
256 2144 900
1304 2145 4673
647 2146 2050
81 2147 1568
806 2148 2282
2063 2149 759
2003 2150 4528
851 2151 2231
123 2152 3425
1605 2153 2715
49 2154 1738
137 2155 237
1831 2156 974
1851 2157 789
508 2158 2176
2043 2159 4052
1175 2160 341
1380 2161 4004
395 2162 835
1762 2163 4508
519 2164 2623
366 2165 601
1175 2166 4125
196 2167 596
1111 2168 4418
388 2169 3442
1656 2170 426
389 2171 4292
636 2172 4242
2060 2173 2797
980 2174 4182
313 2175 1763
529 2176 2394
2092 2177 2498
292 2178 2921
202 2179 2531
1038 2180 3778
943 2181 4005
2003 2182 4075
951 2183 4977
292 2184 1355
1835 2185 1504
799 2186 1993
1064 2187 4274
610 2188 949
882 2189 2795
154 2190 2205
924 2191 2140
652 2192 1641
1641 2193 4146
153 2194 4658
27 2195 3079
1963 2196 4901
821 2197 4773
348 2198 4095
692 2199 3829
1074 2200 423
658 2201 1282
1321 2202 4674
185 2203 580
712 2204 165
1821 2205 4251
1991 2206 317
1951 2207 2742
1963 2208 3269
682 2209 2828
1254 2210 2860
751 2211 4339
1253 2212 975
686 2213 4753
728 2214 949
909 2215 3783
300 2216 1939
533 2217 1874
1783 2218 4338
1703 2219 2991
952 2220 4325
1626 2221 3016
466 2222 2138
1990 2223 2359
1849 2224 4988
295 2225 4566
1762 2226 2462
1235 2227 1245
465 2228 4757
494 2229 1448
121 2230 1167
1823 2231 2104
213 2232 77
1452 2233 1942
343 2234 124
1228 2235 1399
424 2236 4041
1886 2237 3452
1934 2238 4293
1378 2239 3699
212 2240 1559
1653 2241 1463
174 2242 3649
1238 2243 1902
1209 2244 3618
545 2245 167
215 2246 3898
1168 2247 3692
1980 2248 4297
1382 2249 587
102 2250 1201
1891 2251 2417
1946 2252 168
524 2253 2363
1526 2254 1139
2088 2255 4457
944 2256 4334
876 2257 2643
737 2258 668
1332 2259 1906
775 2260 4602
1061 2261 3214
257 2262 2815
394 2263 4527
190 2264 986
95 2265 2443
1043 2266 4174
406 2267 4815
1677 2268 3076
1814 2269 1978
585 2270 1962
835 2271 1845
887 2272 56
1323 2273 4417
793 2274 2561
726 2275 1878
1928 2276 257
270 2277 1190
268 2278 4917
1042 2279 2671
1487 2280 4399
1315 2281 1215
1576 2282 4272
2216 2283 1996
2060 2284 1017
718 2285 17
92 2286 4434
1813 2287 3517
264 2288 4892
1941 2289 1006
1485 2290 2582
1357 2291 1590
1515 2292 2361
1703 2293 942
677 2294 3604
1704 2295 676
1435 2296 1716
1241 2297 1285
1973 2298 3411
1355 2299 4787
752 2300 97
1624 2301 1108
439 2302 1206
671 2303 3268
527 2304 378
997 2305 4437
1343 2306 3859
630 2307 1191
103 2308 1235
79 2309 24
107 2310 4984
832 2311 965
1969 2312 553
119 2313 611
1093 2314 1993
2176 2315 4673
692 2316 2747
1693 2317 1314
1129 2318 3152
1146 2319 827
244 2320 4503
237 2321 2734
73 2322 2688
1968 2323 3242
1443 2324 3223
1871 2325 4642
659 2326 4496
159 2327 2828
1644 2328 128
1784 2329 2630
767 2330 186
944 2331 94
263 2332 784
764 2333 3596
1953 2334 1680
1189 2335 3735
1028 2336 4377
746 2337 4526
2317 2338 3163
1295 2339 703
891 2340 1845
370 2341 4045
520 2342 3533
856 2343 4077
1904 2344 967
1615 2345 4954
150 2346 230
1425 2347 2368
424 2348 4320
1358 2349 3283
1005 2350 562
1924 2351 1159
645 2352 3310
885 2353 3556
10 2354 4469
882 2355 1846
484 2356 1388
1987 2357 790
958 2358 2437
549 2359 3670
1849 2360 1402
1194 2361 257
2123 2362 1099
819 2363 3559
676 2364 4497
713 2365 3019
1443 2366 2909
1301 2367 1382
1416 2368 1508
604 2369 4070
227 2370 327
766 2371 4799
1615 2372 3656
1548 2373 1234
935 2374 838
487 2375 3634
983 2376 100
361 2377 4083
492 2378 3302
113 2379 1871
685 2380 1070
654 2381 4150
925 2382 2625
435 2383 3269
522 2384 2855
421 2385 2210
1490 2386 4587
903 2387 2067
741 2388 2657
1347 2389 799
2218 2390 3919
1526 2391 4532
2009 2392 4269
938 2393 4938
507 2394 2756
2372 2395 4182
1263 2396 3195
1839 2397 2730
331 2398 2074
1746 2399 3568
22 2400 4904
2229 2401 4312
239 2402 961
625 2403 3192
791 2404 4490
2313 2405 1765
1716 2406 2425
459 2407 2769
2138 2408 1017
1656 2409 3956
1831 2410 1378
1869 2411 3372
1689 2412 3372
630 2413 4524
1778 2414 3196
562 2415 1623
1787 2416 377
148 2417 709
1294 2418 1573
1876 2419 4726
454 2420 927
2287 2421 3051
1905 2422 2257
540 2423 705
2275 2424 3291
2303 2425 4948
1178 2426 4476
2223 2427 3563
944 2428 854
298 2429 4505
710 2430 1161
2058 2431 198
1496 2432 4375
1047 2433 3611
470 2434 3327
2282 2435 4185
2409 2436 2257
1284 2437 4199
639 2438 2251
125 2439 4881
1351 2440 3082
138 2441 1679
356 2442 1792
288 2443 2933
2039 2444 2202
786 2445 1950
455 2446 2800
2412 2447 2074
964 2448 1102
1461 2449 4409
2340 2450 2426
1740 2451 1144
800 2452 4770
1696 2453 435
422 2454 2129
200 2455 3108
477 2456 3101
257 2457 3558
2367 2458 548
373 2459 1665
161 2460 4075
395 2461 3419
1484 2462 1739
1088 2463 4470
1994 2464 923
317 2465 4644
132 2466 1740
1400 2467 4436
1580 2468 3545
2162 2469 3939
1481 2470 4370
1393 2471 763
983 2472 1918
997 2473 1485
228 2474 1630
39 2475 3543
651 2476 1628
540 2477 358
988 2478 122
409 2479 2552
2233 2480 4473
1570 2481 750
1516 2482 559
1216 2483 4729
1227 2484 736
2130 2485 1310
1633 2486 68
2364 2487 2843
1150 2488 1986
168 2489 3715
997 2490 4526
81 2491 459
1237 2492 1225
2337 2493 1289
1265 2494 2800
578 2495 2355
1545 2496 548
2077 2497 3150
2019 2498 3644
540 2499 1025
1765 2500 4537
1984 2501 1678
1512 2502 3719
1406 2503 2075
2260 2504 3251
2105 2505 374
2202 2506 4152
911 2507 3672
382 2508 829
414 2509 4112
1220 2510 3668
603 2511 4217
1735 2512 1408
323 2513 3873
1448 2514 3169
1778 2515 4103
1044 2516 8
453 2517 2844
319 2518 4060
2381 2519 1511
168 2520 1908
2493 2521 4171
1347 2522 4526
1925 2523 2423
252 2524 4870
995 2525 1644
649 2526 473
415 2527 1047
1528 2528 690
2453 2529 4362
978 2530 2706
1302 2531 4354
624 2532 3363
1808 2533 1304
940 2534 1691
1532 2535 683
1884 2536 4790
112 2537 3035
2531 2538 733
460 2539 1737
987 2540 1497
252 2541 4087
1300 2542 4888
2443 2543 4417
2052 2544 333
1055 2545 3132
602 2546 4346
626 2547 848
82 2548 3824
2399 2549 2829
1472 2550 2216
2538 2551 530
618 2552 4720
1143 2553 4256
699 2554 2310
2304 2555 1220
2422 2556 2705
2434 2557 870
1213 2558 3905
2515 2559 738
429 2560 3037
1087 2561 1871
2164 2562 4121
320 2563 4828
288 2564 2602
1647 2565 803
2559 2566 2712
56 2567 2778
1419 2568 423
2424 2569 4879
2 2570 1130
1898 2571 3576
2096 2572 2441
48 2573 2120
1362 2574 3479
961 2575 2067
619 2576 4673
2304 2577 2122
860 2578 3502
1377 2579 2589
1113 2580 3415
185 2581 1894
856 2582 4123
314 2583 504
2221 2584 3604
502 2585 4172
1389 2586 2038
690 2587 4187
1531 2588 4108
2232 2589 4645
2434 2590 1919
935 2591 852
2418 2592 2660
567 2593 968
617 2594 1265
1938 2595 336
434 2596 3748
1951 2597 4096
1919 2598 1415
1839 2599 3797
368 2600 90
907 2601 3583
806 2602 4595
897 2603 2986
1441 2604 681
490 2605 391
624 2606 897
1380 2607 280
62 2608 4453
594 2609 11
1085 2610 2439
274 2611 1390
2309 2612 4108
2242 2613 4761
194 2614 1487
905 2615 4924
1794 2616 1101
2597 2617 4032
880 2618 3399
904 2619 1564
1025 2620 2344
263 2621 3641
1832 2622 1423
2311 2623 367
1484 2624 143
1123 2625 3745
1910 2626 2306
2132 2627 4528
844 2628 2801
1360 2629 1620
767 2630 3312
2388 2631 1567
2479 2632 632
872 2633 4259
1657 2634 1244
704 2635 2586
416 2636 3933
1566 2637 4061
1909 2638 470
1993 2639 546
2596 2640 1372
1039 2641 3302
358 2642 4723
1824 2643 3462
1574 2644 3163
2283 2645 4873
2153 2646 4073
252 2647 675
2591 2648 4208
2067 2649 2966
2151 2650 1023
2617 2651 4210
915 2652 3375
1762 2653 542
1528 2654 2959
850 2655 4799
2020 2656 4007
804 2657 3878
1920 2658 4654
146 2659 2178
2306 2660 134
277 2661 69
29 2662 3506
2490 2663 4000
328 2664 2734
2288 2665 3990
597 2666 915
1194 2667 4483
883 2668 4319
848 2669 3278
614 2670 2583
1932 2671 3153
524 2672 3314
835 2673 1350
1199 2674 370
1074 2675 1938
318 2676 3347
2435 2677 4639
1632 2678 909
645 2679 4711
918 2680 1580
2483 2681 2493
2468 2682 530
808 2683 839
1083 2684 2173
17 2685 4506
2144 2686 4452
2201 2687 2675
692 2688 1332
1713 2689 643
366 2690 3123
690 2691 3013
974 2692 3035
2370 2693 2669
1535 2694 1227
899 2695 2897
361 2696 2539
1401 2697 4828
1785 2698 116
971 2699 56
246 2700 1918
1686 2701 1972
17 2702 3081
2514 2703 1548
2400 2704 3847
492 2705 1882
1620 2706 3315
1835 2707 2137
678 2708 3129
580 2709 4592
1820 2710 4598
136 2711 2709
2328 2712 1328
2422 2713 2836
1511 2714 1127
2417 2715 323
1568 2716 79
1645 2717 3493
2209 2718 3436
2253 2719 2625
1405 2720 4906
518 2721 4101
144 2722 629
581 2723 4982
851 2724 739
1391 2725 1758
1264 2726 726
2487 2727 3070
1201 2728 1862
1653 2729 1208
1561 2730 4168
2450 2731 795
566 2732 4139
211 2733 333
1640 2734 2203
2660 2735 367
1093 2736 4455
1200 2737 4018
757 2738 1649
585 2739 4902
718 2740 1799
2721 2741 3232
2 2742 4806
22 2743 3437
1826 2744 4982
2350 2745 85
602 2746 3832
1424 2747 1026
2458 2748 698
2530 2749 3234
2665 2750 4272
769 2751 3751
1978 2752 789
1599 2753 3755
1951 2754 1964
2307 2755 750
144 2756 4894
147 2757 2411
773 2758 2330
2020 2759 911
2734 2760 1247
1830 2761 4729
1304 2762 3339
1461 2763 4238
814 2764 3915
1888 2765 3838
2668 2766 1817
1239 2767 3687
1638 2768 1467
2016 2769 956
690 2770 3891
1884 2771 4397
1987 2772 3909
689 2773 1589
222 2774 179
2699 2775 2431
2687 2776 3578
1549 2777 3632
632 2778 2709
947 2779 4664
977 2780 2736
2378 2781 3363
372 2782 3545
2228 2783 2976
1852 2784 2396
1448 2785 1030
1657 2786 4387
1429 2787 1605
2558 2788 500
1885 2789 770
698 2790 2241
1053 2791 4194
1050 2792 4211
809 2793 1895
2172 2794 3530
1544 2795 2442
2778 2796 4064
1605 2797 1013
769 2798 813
1694 2799 2403
2162 2800 1302
2327 2801 239
1768 2802 946
928 2803 1264
2329 2804 763
337 2805 1150
1986 2806 4214
2187 2807 2563
2755 2808 4889
657 2809 3928
2663 2810 1821
1114 2811 4539
32 2812 2357
2681 2813 1344
1427 2814 342
630 2815 593
753 2816 2684
1410 2817 4627
1650 2818 3213
2504 2819 3802
455 2820 3878
1300 2821 3330
1933 2822 530
2661 2823 3766
2038 2824 586
2223 2825 682
2372 2826 3500
1429 2827 4142
389 2828 1421
1627 2829 1400
2545 2830 2861
844 2831 1336
2767 2832 3959
1860 2833 2429
542 2834 1467
1589 2835 2987
532 2836 1265
2787 2837 227
1409 2838 3056
2188 2839 3107
1192 2840 2359
112 2841 2553
2058 2842 2985
693 2843 1979
1400 2844 3797
1349 2845 3541
2270 2846 339
1356 2847 3359
1790 2848 1818
791 2849 2499
914 2850 4327
262 2851 3671
2813 2852 1601
419 2853 163
2045 2854 2568
2186 2855 4447
2576 2856 3961
433 2857 4894
1080 2858 1727
348 2859 4585
2185 2860 1506
1062 2861 2236
978 2862 2307
1914 2863 3646
1963 2864 3754
2207 2865 4181
1592 2866 2036
1579 2867 4309
1487 2868 1044
2863 2869 3923
407 2870 3470
1567 2871 65
132 2872 1600
883 2873 4771
1217 2874 842
2558 2875 3568
2805 2876 4108
2549 2877 2584
1464 2878 582
2680 2879 301
1471 2880 4236
941 2881 2795
1506 2882 4977
743 2883 2811
2536 2884 4930
303 2885 456
1815 2886 1736
415 2887 4628
2035 2888 3523
133 2889 414
1771 2890 4322
223 2891 123
968 2892 4560
1518 2893 325
1615 2894 2214
881 2895 366
2265 2896 1581
760 2897 1429
1306 2898 2383
2810 2899 4104
1011 2900 3167
2205 2901 2154
558 2902 3089
909 2903 1048
808 2904 4452
2349 2905 2600
1552 2906 3384
901 2907 2999
1392 2908 600
1328 2909 1524
1299 2910 4914
2744 2911 373
1356 2912 835
2713 2913 2272
2700 2914 4579
231 2915 4136
1793 2916 990
245 2917 1330
362 2918 913
600 2919 1270
941 2920 3878
236 2921 1753
818 2922 3810
969 2923 3326
2575 2924 1197
1348 2925 4957
85 2926 3645
1947 2927 3828
1494 2928 603
259 2929 968
2922 2930 1654
468 2931 4500
1834 2932 795
1657 2933 610
581 2934 4221
991 2935 3005
1411 2936 3695
470 2937 2480
2205 2938 2011
1872 2939 697
136 2940 3694
1118 2941 3847
1034 2942 3103
2135 2943 1994
1490 2944 4921
321 2945 4679
2742 2946 2070
2871 2947 1034
1708 2948 1670
1265 2949 1397
1057 2950 2629
2825 2951 1965
2613 2952 1220
408 2953 2473
867 2954 3608
2787 2955 841
2407 2956 500
282 2957 1501
32 2958 4971
156 2959 2306
859 2960 4237
1765 2961 3333
782 2962 2168
1716 2963 3497
2330 2964 2521
2542 2965 1667
1604 2966 2828
2741 2967 4338
130 2968 1474
2006 2969 2796
1690 2970 3551
2960 2971 3643
726 2972 890
1023 2973 4042
2624 2974 2714
756 2975 4910
2432 2976 2342
1857 2977 2443
1094 2978 495
2153 2979 343
2280 2980 2954
2342 2981 2151
691 2982 4281
1721 2983 3837
315 2984 1185
430 2985 1754
1306 2986 934
1651 2987 3301
993 2988 1804
2772 2989 425
980 2990 4743
2936 2991 4489
2824 2992 2222
146 2993 570
1036 2994 643
1488 2995 4728
1771 2996 1402
997 2997 1798
1617 2998 3496
1035 2999 3143
2940 3000 2380
2540 3001 4370
1737 3002 4262
2823 3003 3273
2823 3004 2044
2148 3005 1642
1503 3006 1081
686 3007 2373
698 3008 775
172 3009 3153
1450 3010 4522
25 3011 1023
2581 3012 2828
1014 3013 1267
2503 3014 913
2774 3015 2058
1781 3016 4110
1009 3017 4239
1810 3018 3591
2856 3019 1472
1645 3020 4700
2668 3021 534
90 3022 1961
2525 3023 3745
1453 3024 580
318 3025 2893
1657 3026 4120
1119 3027 1788
780 3028 3712
1907 3029 3739
536 3030 699
2213 3031 4694
1485 3032 1814
2589 3033 3587
2438 3034 3279
135 3035 3106
515 3036 1661
742 3037 1555
829 3038 3715
612 3039 1284
2749 3040 1156
2927 3041 2022
1543 3042 866
841 3043 1512
1061 3044 210
1851 3045 2344
2404 3046 4499
1219 3047 1383
557 3048 1602
1621 3049 1744
349 3050 1122
68 3051 1726
2339 3052 130
1489 3053 3625
128 3054 4783
2558 3055 12
1311 3056 1356
2425 3057 3360
306 3058 903
748 3059 4743
1264 3060 1935
561 3061 2213
241 3062 3343
293 3063 466
2570 3064 4438
596 3065 3445
1217 3066 3213
1815 3067 1970
263 3068 2083
409 3069 1914
857 3070 2626
658 3071 1506
344 3072 2679
1632 3073 1047
2864 3074 1440
812 3075 694
117 3076 4214
2303 3077 415
1352 3078 2894
1921 3079 2993
2566 3080 4903
2211 3081 2333
130 3082 1856
830 3083 3950
2860 3084 3901
1408 3085 3073
2420 3086 811
30 3087 122
2423 3088 2473
1794 3089 519
1996 3090 4229
880 3091 2827
366 3092 908
2409 3093 2396
1763 3094 4123
1837 3095 2879
2876 3096 4186
612 3097 4910
821 3098 2257
2441 3099 4731
1495 3100 3375
1873 3101 2997
2384 3102 1822
1517 3103 653
87 3104 53
2299 3105 4706
1036 3106 1169
1723 3107 148
566 3108 1870
869 3109 34
983 3110 3421
685 3111 649
2571 3112 4199
1832 3113 558
1201 3114 2229
1510 3115 2750
959 3116 2737
1531 3117 1836
1795 3118 137
358 3119 1844
2175 3120 4000
1658 3121 1186
2944 3122 3472
670 3123 3998
523 3124 264
1957 3125 2515
746 3126 448
1288 3127 31
297 3128 255
1664 3129 1055
629 3130 528
1903 3131 2816
1583 3132 593
1485 3133 1295
1474 3134 377
1494 3135 1403
301 3136 919
1059 3137 4990
436 3138 3260
1412 3139 1066
2464 3140 3194
1663 3141 1191
3116 3142 1375
2801 3143 1831
1310 3144 4053
1472 3145 2128
1921 3146 4709
2519 3147 295
2777 3148 4249
1909 3149 556
2651 3150 732
676 3151 2554
1955 3152 1613
2999 3153 3493
533 3154 3832
405 3155 2749
3017 3156 2547
1408 3157 2394
972 3158 2406
2300 3159 4093
1367 3160 158
510 3161 3660
1329 3162 1607
2873 3163 1917
2369 3164 2673
2205 3165 1951
1781 3166 2979
2798 3167 3029
388 3168 3703
2193 3169 1745
998 3170 3340
2484 3171 4153
1472 3172 2134
2213 3173 2077
1311 3174 41
1183 3175 4423
2584 3176 1370
1150 3177 4631
1396 3178 3563
1393 3179 1611
2999 3180 3391
702 3181 2996
2205 3182 3887
1508 3183 204
1833 3184 3414
1612 3185 825
1915 3186 3714
1696 3187 1755
2733 3188 2606
2264 3189 1243
1431 3190 4526
1954 3191 4919
785 3192 4546
1945 3193 3449
1318 3194 1459
1360 3195 4644
1310 3196 4067
32 3197 2831
2124 3198 3312
2268 3199 899
2193 3200 1941
1871 3201 2396
580 3202 2170
465 3203 3176
678 3204 1640
2066 3205 3998
872 3206 1258
2269 3207 4251
3012 3208 2230
1984 3209 107
1790 3210 1901
1140 3211 30
1506 3212 676
1041 3213 2459
1124 3214 1409
3127 3215 306
2129 3216 2903
1467 3217 1884
376 3218 2975
907 3219 2371
562 3220 3924
744 3221 80
3197 3222 1627
1136 3223 3129
1800 3224 4776
2946 3225 3947
1002 3226 3053
2144 3227 3657
2388 3228 210
97 3229 340
1455 3230 4612
435 3231 4525
2366 3232 3871
1861 3233 2256
1435 3234 1815
3093 3235 1807
27 3236 2964
3093 3237 1206
1119 3238 4454
1569 3239 4787
189 3240 370
1044 3241 3641
2481 3242 4788
489 3243 3930
1732 3244 5000
2123 3245 1137
2745 3246 4743
1142 3247 3404
1064 3248 2439
1247 3249 154
313 3250 4792
1150 3251 1286
928 3252 4153
1381 3253 2565
983 3254 2572
3005 3255 4997
703 3256 3115
2394 3257 777
2859 3258 1613
2355 3259 3895
2685 3260 699
533 3261 2217
1690 3262 4214
355 3263 1703
2876 3264 1153
694 3265 2192
1923 3266 236
1031 3267 3943
2741 3268 1874
1305 3269 2203
201 3270 1290
614 3271 1750
1500 3272 1714
696 3273 1324
1252 3274 2948
2659 3275 4294
2364 3276 1249
2049 3277 34
330 3278 1386
2879 3279 911
3269 3280 4612
2798 3281 2022
2209 3282 2223
2672 3283 574
1103 3284 1088
614 3285 3700
424 3286 2718
418 3287 331
2301 3288 4364
948 3289 4329
1315 3290 1696
3163 3291 2281
244 3292 1924
2738 3293 4573
1936 3294 3475
423 3295 1866
207 3296 738
2260 3297 1745
1082 3298 4015
850 3299 3675
979 3300 420
1635 3301 4005
2156 3302 4074
2484 3303 1704
1175 3304 3940
630 3305 4735
87 3306 4748
2547 3307 2096
939 3308 4261
2620 3309 2823
730 3310 3074
3107 3311 2357
1510 3312 2745
1665 3313 2841
1893 3314 3840
2652 3315 2682
2565 3316 207
795 3317 1422
879 3318 672
570 3319 1094
2025 3320 1440
2771 3321 4292
906 3322 700
1898 3323 90
2286 3324 2507
388 3325 2661
571 3326 4968
2316 3327 4670
1784 3328 4107
3 3329 1439
1393 3330 4924
2270 3331 1210
442 3332 4112
1075 3333 3029
1252 3334 2367
910 3335 3034
159 3336 391
1618 3337 1839
1247 3338 3901
1509 3339 1283
2905 3340 3941
280 3341 921
221 3342 2043
1756 3343 3346
538 3344 2066
2856 3345 2958
1129 3346 1926
399 3347 430
2917 3348 4046
961 3349 2563
1423 3350 3312
868 3351 2943
2954 3352 1706
478 3353 1033
1009 3354 3803
812 3355 3006
305 3356 4004
1286 3357 1065
1782 3358 4488
2872 3359 3599
826 3360 319
3252 3361 4217
560 3362 1725
1414 3363 2780
2952 3364 4523
607 3365 883
3194 3366 1828
1042 3367 1912
244 3368 142
2114 3369 4389
2657 3370 4239
1911 3371 1695
609 3372 735
2246 3373 4160
2796 3374 710
2921 3375 3359
205 3376 308
2595 3377 4427
3105 3378 4857
376 3379 2936
680 3380 1736
1505 3381 4232
479 3382 4281
324 3383 2428
3161 3384 1788
1010 3385 1619
2133 3386 4133
2916 3387 2214
2304 3388 617
2703 3389 924
2881 3390 2395
1144 3391 1748
2913 3392 1256
2268 3393 2392
1853 3394 2859
1903 3395 4104
2923 3396 2857
1506 3397 3343
847 3398 452
3360 3399 3745
3048 3400 3103
602 3401 4811
2621 3402 4029
1903 3403 1901
1450 3404 85
830 3405 2598
3051 3406 2134
1412 3407 343
987 3408 4205
3174 3409 3994
316 3410 2311
707 3411 1583
2391 3412 1077
991 3413 4890
675 3414 353
2140 3415 4652
1491 3416 444
1385 3417 4998
99 3418 4168
26 3419 1453
2565 3420 4485
3280 3421 1031
635 3422 1978
2158 3423 1885
2940 3424 89
3091 3425 3954
1112 3426 2942
2078 3427 1232
282 3428 1352
3357 3429 3990
2555 3430 2482
126 3431 3169
3145 3432 4154
2533 3433 3141
1492 3434 2324
1720 3435 4825
1219 3436 3754
178 3437 181
3330 3438 1716
1794 3439 1828
2276 3440 2346
827 3441 231
2419 3442 624
165 3443 142
2262 3444 4648
1059 3445 2854
3414 3446 2303
2100 3447 3891
2998 3448 1961
1303 3449 2447
548 3450 4318
879 3451 3620
1048 3452 3853
1430 3453 4958
1127 3454 2012
3052 3455 504
174 3456 3670
1657 3457 4147
1566 3458 182
2164 3459 3507
955 3460 68
2169 3461 3108
1952 3462 372
2968 3463 227
197 3464 1888
1422 3465 784
3443 3466 1813
2727 3467 2363
908 3468 4836
3224 3469 3899
1823 3470 2916
2195 3471 521
1632 3472 4001
3397 3473 460
789 3474 599
1130 3475 4973
2267 3476 3432
2728 3477 590
1447 3478 4118
2790 3479 1267
115 3480 2617
1007 3481 465
2551 3482 971
555 3483 3138
864 3484 3928
1801 3485 4893
2802 3486 2777
2163 3487 2179
2013 3488 4444
3316 3489 2840
3100 3490 4729
1437 3491 3922
68 3492 2842
153 3493 691
3437 3494 442
2970 3495 1173
106 3496 4880
1832 3497 1520
1841 3498 274
2585 3499 3828
2590 3500 4343
2989 3501 2999
1304 3502 813
2024 3503 350
3201 3504 4822
742 3505 1604
2642 3506 4136
2541 3507 769
1221 3508 118
977 3509 557
625 3510 3095
3175 3511 2033
3460 3512 2372
661 3513 3569
503 3514 2298
3363 3515 1550
3179 3516 1892
3179 3517 1485
2721 3518 1082
609 3519 688
2035 3520 4582
2311 3521 1440
632 3522 2831
3510 3523 2220
3309 3524 372
2838 3525 2981
1675 3526 4826
3322 3527 4663
1042 3528 2261
344 3529 3026
2517 3530 3869
2733 3531 4588
2220 3532 3195
2934 3533 3858
3506 3534 1107
1692 3535 4475
3350 3536 4899
2042 3537 300
3161 3538 3745
1242 3539 4586
3067 3540 2735
766 3541 1510
2891 3542 233
2378 3543 3530
2633 3544 1585
1204 3545 2685
345 3546 2153
357 3547 600
3144 3548 3024
176 3549 676
1451 3550 2900
3463 3551 3331
1736 3552 3804
592 3553 1024
1280 3554 3286
1727 3555 1078
427 3556 1654
897 3557 862
1706 3558 4669
3374 3559 2752
1200 3560 3122
1178 3561 1895
992 3562 1306
2783 3563 4809
2226 3564 4562
3311 3565 1300
3498 3566 403
727 3567 2978
638 3568 4264
2869 3569 1613
1916 3570 1320
1562 3571 926
113 3572 3339
64 3573 4988
1406 3574 1270
79 3575 4867
359 3576 1805
1109 3577 4151
3132 3578 548
1986 3579 2824
2048 3580 1965
897 3581 4497
3274 3582 2653
79 3583 355
3558 3584 3387
1799 3585 4738
3397 3586 2709
3100 3587 3440
3069 3588 1717
3121 3589 4696
3379 3590 3120
2559 3591 4549
440 3592 2681
2585 3593 4521
846 3594 3357
1509 3595 2624
50 3596 3656
2455 3597 165
1863 3598 785
2213 3599 798
2952 3600 1189
1218 3601 2174
3246 3602 1057
2218 3603 1162
1781 3604 1619
981 3605 4106
2705 3606 1546
2580 3607 3117
1664 3608 1218
318 3609 1932
1151 3610 74
1779 3611 1668
833 3612 1984
1256 3613 771
3477 3614 4815
2359 3615 1096
3382 3616 1193
3 3617 4473
1822 3618 2309
2329 3619 679
2509 3620 3438
2739 3621 2027
764 3622 1923
1765 3623 1175
1643 3624 2233
1347 3625 1111
1475 3626 2688
1223 3627 693
2274 3628 2968
1078 3629 3216
729 3630 3560
2164 3631 4754
2619 3632 943
736 3633 440
2352 3634 1560
900 3635 1281
2017 3636 1542
1105 3637 2332
2749 3638 969
767 3639 3795
3509 3640 11
820 3641 4081
404 3642 3929
2792 3643 249
2270 3644 2431
223 3645 4560
2000 3646 1847
208 3647 2738
2480 3648 4235
1377 3649 1966
1497 3650 4315
742 3651 3378
3212 3652 4571
1988 3653 2659
2509 3654 2884
2708 3655 3388
3484 3656 2734
3383 3657 3029
2494 3658 2418
1190 3659 3700
1199 3660 490
1214 3661 548
2090 3662 2427
1360 3663 2078
2095 3664 4088
3017 3665 3175
560 3666 1597
1261 3667 2501
1086 3668 3496
3489 3669 115
2690 3670 1489
580 3671 1901
879 3672 635
3603 3673 1628
1286 3674 1102
3175 3675 1295
2555 3676 224
3625 3677 821
270 3678 3248
2469 3679 3275
2280 3680 57
2941 3681 2795
2026 3682 3017
1962 3683 3728
2369 3684 410
302 3685 4910
2911 3686 1756
923 3687 155
1554 3688 3964
2939 3689 535
1666 3690 2100
536 3691 2776
3481 3692 2193
1712 3693 3817
2888 3694 4753
456 3695 618
373 3696 2350
1624 3697 826
1285 3698 4663
3036 3699 375
1739 3700 34
1535 3701 1268
2119 3702 3531
1110 3703 4947
1984 3704 1040
2956 3705 3062
259 3706 4181
1155 3707 2067
519 3708 4177
311 3709 102
151 3710 3122
3190 3711 2409
1182 3712 162
2343 3713 835
1302 3714 2354
1183 3715 3890
1280 3716 2480
3018 3717 105
49 3718 4102
786 3719 3451
810 3720 4949
3570 3721 4079
3406 3722 4161
2724 3723 2551
2123 3724 2161
1413 3725 382
1201 3726 4498
605 3727 2564
1082 3728 3
1586 3729 1578
1221 3730 1663
2476 3731 3811
2381 3732 3292
2845 3733 1476
3015 3734 1035
884 3735 1013
626 3736 932
3381 3737 2122
1562 3738 1901
1830 3739 42
2168 3740 4860
3341 3741 4119
2598 3742 2501
3230 3743 4886
2016 3744 1038
764 3745 3164
3051 3746 2134
413 3747 251
270 3748 527
1643 3749 135
1051 3750 2292
3214 3751 4585
2225 3752 2293
2190 3753 821
115 3754 686
670 3755 1432
2196 3756 4759
2024 3757 1704
424 3758 2667
3658 3759 3206
917 3760 52
250 3761 132
1161 3762 1093
2109 3763 744
1950 3764 2584
3628 3765 2028
1540 3766 4355
1282 3767 4303
699 3768 2866
1875 3769 3729
590 3770 1521
1261 3771 4269
3327 3772 3164
2112 3773 3467
2398 3774 4053
2646 3775 1799
533 3776 4456
2116 3777 933
434 3778 3772
3085 3779 3786
3155 3780 4904
1393 3781 1583
855 3782 2579
2461 3783 4260
2334 3784 583
2699 3785 4700
2208 3786 2988
2189 3787 1462
726 3788 3925
982 3789 1968
3398 3790 3207
344 3791 20
3388 3792 3793
3374 3793 1298
258 3794 3052
3619 3795 2449
3402 3796 1314
1012 3797 2201
189 3798 3850
576 3799 3828
774 3800 4300
3368 3801 3480
3672 3802 912
2112 3803 3515
510 3804 2948
3419 3805 2677
3149 3806 4581
2104 3807 1578
352 3808 588
25 3809 4749
1045 3810 1926
3461 3811 2345
3128 3812 2288
881 3813 4956
2949 3814 4711
1411 3815 3989
2943 3816 292
2804 3817 4673
2195 3818 4513
2820 3819 603
3502 3820 66
1776 3821 2414
880 3822 3201
2518 3823 4092
3166 3824 2473
2824 3825 3771
105 3826 3984
3556 3827 1636
2606 3828 1311
1427 3829 3921
1462 3830 1957
3503 3831 4064
3622 3832 1292
1890 3833 4089
577 3834 4814
776 3835 4041
3758 3836 4674
76 3837 775
3458 3838 4600
2982 3839 993
415 3840 1351
2567 3841 4837
2784 3842 1217
3769 3843 2188
3270 3844 2209
1358 3845 2668
239 3846 3011
2722 3847 4295
3184 3848 1060
1111 3849 527
2564 3850 3409
474 3851 2475
1579 3852 1129
2009 3853 4797
100 3854 4059
410 3855 3948
2397 3856 4036
106 3857 3210
153 3858 3668
145 3859 1459
1332 3860 160
3175 3861 2955
2545 3862 2645
1244 3863 4669
2874 3864 4175
2791 3865 260
3192 3866 1289
433 3867 1017
1325 3868 2321
3264 3869 3374
2531 3870 667
2690 3871 1143
1009 3872 4262
3152 3873 4616
3342 3874 4094
963 3875 3380
2248 3876 2208
1659 3877 4918
132 3878 1621
823 3879 2351
2027 3880 2784
2885 3881 2502
1080 3882 539
1278 3883 4856
3810 3884 3515
1793 3885 3337
1137 3886 2778
2118 3887 1917
3475 3888 3191
2119 3889 1180
689 3890 3866
3283 3891 2583
811 3892 3400
1334 3893 4252
1397 3894 3300
2727 3895 2563
2519 3896 2031
599 3897 4736
1483 3898 3082
1779 3899 3331
3543 3900 4336
3610 3901 1327
2807 3902 3352
2322 3903 1344
3459 3904 552
1065 3905 3867
2864 3906 3940
3882 3907 4481
3836 3908 2672
326 3909 2557
1942 3910 3075
2924 3911 818
966 3912 4005
1568 3913 3717
211 3914 568
1200 3915 3123
2680 3916 2331
3395 3917 3882
438 3918 2694
2767 3919 550
3536 3920 4602
650 3921 161
1878 3922 3587
2860 3923 2513
1513 3924 3094
1597 3925 618
3168 3926 2030
3462 3927 3247
1857 3928 3965
1906 3929 2480
259 3930 2718
459 3931 3976
981 3932 350
511 3933 4653
899 3934 1219
1924 3935 1271
772 3936 3655
1487 3937 37
2854 3938 3054
746 3939 3226
3564 3940 2739
2935 3941 673
415 3942 1328
1196 3943 1303
1098 3944 1943
989 3945 4728
2162 3946 1656
313 3947 3669
2542 3948 183
828 3949 2153
1410 3950 306
721 3951 4290
796 3952 3893
194 3953 3399
1850 3954 4365
3064 3955 3367
711 3956 4678
910 3957 1894
2274 3958 256
1027 3959 3498
1798 3960 905
3039 3961 3696
1797 3962 1636
3536 3963 3306
183 3964 1179
2561 3965 3053
789 3966 3301
3283 3967 3112
3686 3968 1242
2526 3969 292
559 3970 4881
1324 3971 2362
264 3972 118
547 3973 49
1709 3974 3928
1345 3975 1143
1012 3976 3156
1919 3977 1073
556 3978 1386
957 3979 1865
3650 3980 4775
271 3981 1062
1441 3982 4584
683 3983 1330
149 3984 1398
903 3985 3875
1252 3986 1495
2527 3987 1309
3692 3988 576
2278 3989 3727
1753 3990 733
2212 3991 4887
2488 3992 569
3619 3993 2682
1668 3994 3692
3699 3995 4592
2927 3996 175
1711 3997 3953
1115 3998 206
3079 3999 3727
1670 4000 4915
881 4001 2764
166 4002 4113
2843 4003 1536
2664 4004 2014
2571 4005 3053
1779 4006 3538
3435 4007 2480
3566 4008 2021
1908 4009 2366
907 4010 115
2706 4011 348
59 4012 61
7 4013 1226
1816 4014 2333
2488 4015 2108
2643 4016 2926
2225 4017 335
3497 4018 2058
67 4019 2371
186 4020 894
729 4021 1395
2129 4022 161
307 4023 2975
2295 4024 540
2688 4025 2338
1130 4026 1568
1870 4027 2670
663 4028 1889
154 4029 4659
2889 4030 717
1448 4031 4902
725 4032 367
3624 4033 713
525 4034 3351
1448 4035 2531
3724 4036 4084
2691 4037 1520
2212 4038 4189
925 4039 2768
1165 4040 3244
2896 4041 1471
2009 4042 1242
1460 4043 2225
1038 4044 4982
4022 4045 2065
1634 4046 3375
2291 4047 133
3942 4048 2111
3105 4049 1147
500 4050 1306
3182 4051 553
1808 4052 1515
2997 4053 2322
146 4054 3841
844 4055 2880
2324 4056 1087
2743 4057 2689
982 4058 3484
653 4059 2895
2470 4060 331
2081 4061 1062
4029 4062 2385
2213 4063 2957
641 4064 3447
4019 4065 4881
3186 4066 1166
2675 4067 2630
2799 4068 1309
1506 4069 3658
2295 4070 765
3505 4071 3674
2269 4072 2437
3808 4073 4857
2042 4074 1403
858 4075 4595
2969 4076 3153
2588 4077 1094
1833 4078 40
2845 4079 3519
3320 4080 4650
2852 4081 2572
3756 4082 1501
4029 4083 1683
2510 4084 4755
1681 4085 4726
1084 4086 320
2667 4087 3455
1335 4088 179
1210 4089 476
3974 4090 3468
611 4091 3486
749 4092 3982
3326 4093 178
3432 4094 3114
1583 4095 4810
3902 4096 2368
3150 4097 4457
74 4098 2309
1133 4099 2904
143 4100 3906
1670 4101 3057
2996 4102 1351
298 4103 1331
1108 4104 356
3522 4105 4548
3525 4106 4974
3459 4107 966
2272 4108 942
2522 4109 1670
2492 4110 927
3500 4111 4079
1214 4112 1889
503 4113 2791
154 4114 3686
2304 4115 1594
3729 4116 2552
2654 4117 2672
3013 4118 56
1570 4119 196
3960 4120 3317
1877 4121 1897
3071 4122 2013
270 4123 4479
2550 4124 4579
1256 4125 4458
2950 4126 3322
1768 4127 3408
1517 4128 2164
23 4129 2208
3173 4130 59
3362 4131 1537
3913 4132 4895
3484 4133 4556
1611 4134 4373
3376 4135 1580
1099 4136 3520
1826 4137 1731
2231 4138 3698
2852 4139 1297
4040 4140 159
2893 4141 2651
694 4142 1813
2427 4143 2327
935 4144 4229
1788 4145 604
1930 4146 3607
2935 4147 946
2322 4148 3296
2001 4149 404
1804 4150 455
32 4151 4756
2530 4152 2557
159 4153 3404
866 4154 2957
3274 4155 2838
2001 4156 3605
1515 4157 169
1437 4158 629
201 4159 2904
3169 4160 174
4011 4161 3451
1027 4162 2631
3644 4163 3421
1494 4164 9
2889 4165 3256
2971 4166 3295
53 4167 1690
3256 4168 1273
1164 4169 1124
3170 4170 2062
3172 4171 2905
4026 4172 2637
429 4173 3621
1583 4174 990
3334 4175 3605
2063 4176 1803
3874 4177 302
1942 4178 2139
1141 4179 3006
3178 4180 975
441 4181 3904
3837 4182 2455
3130 4183 563
1454 4184 2214
996 4185 3044
3899 4186 3631
2545 4187 884
2827 4188 3832
3649 4189 4888
3553 4190 2675
1766 4191 492
2549 4192 2943
766 4193 3707
2870 4194 859
551 4195 3064
664 4196 535
3176 4197 846
2611 4198 1391
383 4199 4752
1393 4200 260
310 4201 3656
2534 4202 4882
819 4203 3798
2890 4204 1372
3277 4205 4326
673 4206 1114
3057 4207 3097
3171 4208 3198
1405 4209 745
2915 4210 53
2360 4211 825
3452 4212 783
980 4213 3643
2448 4214 2369
3561 4215 2798
2675 4216 1562
2115 4217 1206
133 4218 2737
1656 4219 4524
227 4220 3026
378 4221 3162
1802 4222 3474
3964 4223 3970
2161 4224 2889
2467 4225 1055
301 4226 4280
2269 4227 468
4038 4228 2672
889 4229 4949
1942 4230 3309
108 4231 3860
2763 4232 4548
336 4233 1135
796 4234 166
1906 4235 4280
2412 4236 3131
664 4237 2587
1130 4238 2651
529 4239 870
3607 4240 2641
2497 4241 425
1088 4242 430
588 4243 2067
791 4244 1890
59 4245 2196
2556 4246 2776
1304 4247 3713
4066 4248 2074
3527 4249 2361
1424 4250 4057
2800 4251 2247
3702 4252 2334
3629 4253 2887
3681 4254 1491
3665 4255 2816
311 4256 4358
1990 4257 4912
1488 4258 3226
1427 4259 4958
3223 4260 4414
3866 4261 3697
1633 4262 2988
614 4263 1025
3294 4264 3230
1784 4265 2828
2636 4266 4776
2564 4267 687
2429 4268 1688
2924 4269 4317
2776 4270 3906
903 4271 700
1411 4272 759
1103 4273 3124
1595 4274 1495
1015 4275 4377
596 4276 3852
3464 4277 332
3130 4278 2725
1292 4279 4827
4160 4280 175
1290 4281 3401
4202 4282 4144
3413 4283 1310
3800 4284 1592
3071 4285 2238
3531 4286 3075
774 4287 4938
4015 4288 4894
845 4289 3926
1063 4290 4731
3367 4291 1852
2761 4292 3010
186 4293 4080
1944 4294 3812
590 4295 883
3182 4296 4954
1055 4297 3435
95 4298 2584
3660 4299 3097
935 4300 6
710 4301 2270
3918 4302 4253
2271 4303 253
2221 4304 1776
768 4305 3726
1465 4306 3157
3497 4307 447
1193 4308 4942
2520 4309 1896
830 4310 3746
2271 4311 1868
397 4312 314
3320 4313 4359
3814 4314 3360
1522 4315 3207
2423 4316 4221
2567 4317 4420
437 4318 3639
3473 4319 2467
2659 4320 2926
3776 4321 2826
1434 4322 1773
3875 4323 451
2006 4324 2322
3742 4325 3504
3531 4326 2007
1525 4327 3451
592 4328 4970
2592 4329 643
1288 4330 4952
2557 4331 890
3132 4332 651
1732 4333 3918
479 4334 4301
747 4335 782
812 4336 4168
1205 4337 4987
3046 4338 2586
2677 4339 213
3477 4340 4843
132 4341 3084
4283 4342 2838
3509 4343 2517
2180 4344 2828
59 4345 1344
4229 4346 1724
3772 4347 4359
4166 4348 1465
2098 4349 1819
652 4350 4745
1285 4351 42
3117 4352 1733
727 4353 124
1177 4354 1825
3732 4355 2279
1556 4356 2900
2080 4357 202
1088 4358 671
3790 4359 1991
2038 4360 4482
3455 4361 4493
4092 4362 4292
961 4363 2883
1685 4364 4985
2146 4365 3087
2758 4366 4042
785 4367 4138
2870 4368 2989
60 4369 328
1853 4370 2734
885 4371 4988
2777 4372 95
1714 4373 1914
757 4374 4168
3309 4375 877
1637 4376 2446
2114 4377 977
4177 4378 3161
3930 4379 4095
980 4380 2597
884 4381 2559
2037 4382 4555
1616 4383 3129
783 4384 2637
3919 4385 1257
3348 4386 571
840 4387 4372
3791 4388 2908
1194 4389 2469
2581 4390 2324
4114 4391 2639
1336 4392 4051
3501 4393 4127
3376 4394 4185
3138 4395 1596
1941 4396 4719
486 4397 3015
236 4398 4671
632 4399 3419
1144 4400 3943
958 4401 4648
1423 4402 4498
3794 4403 3731
2498 4404 4519
2877 4405 1232
2532 4406 1202
1675 4407 4304
1460 4408 2733
3224 4409 427
2652 4410 759
1873 4411 4791
1538 4412 4371
916 4413 1050
4350 4414 1714
3301 4415 4791
3788 4416 4974
3085 4417 1060
2731 4418 582
3609 4419 2558
163 4420 188
723 4421 4816
4372 4422 3148
1884 4423 3039
2867 4424 4542
2091 4425 3220
164 4426 338
3142 4427 408
3850 4428 3348
2668 4429 4210
542 4430 3091
502 4431 2193
2659 4432 2635
299 4433 4705
1062 4434 2794
1515 4435 806
2226 4436 3213
1093 4437 3857
1149 4438 4699
2387 4439 1554
760 4440 1762
3271 4441 2190
1415 4442 4304
633 4443 1143
3443 4444 2139
3970 4445 2050
1853 4446 2401
1142 4447 1725
775 4448 3835
2966 4449 1157
695 4450 568
976 4451 2360
224 4452 2295
4031 4453 1159
3349 4454 4795
811 4455 3928
530 4456 3260
4363 4457 3321
1652 4458 169
1928 4459 4398
385 4460 3534
1522 4461 2081
2597 4462 1003
1172 4463 1875
1273 4464 3336
3445 4465 3479
2496 4466 2574
634 4467 3118
3585 4468 11
3021 4469 1721
130 4470 2563
1485 4471 994
3212 4472 655
2675 4473 3568
2453 4474 3898
4201 4475 3354
2038 4476 1165
1839 4477 2163
346 4478 4660
3363 4479 3586
102 4480 3382
487 4481 2226
2928 4482 617
2591 4483 3381
2872 4484 3565
2214 4485 3645
2442 4486 4286
2872 4487 4430
1034 4488 4926
3833 4489 1281
876 4490 77
791 4491 213
253 4492 4482
1495 4493 1324
90 4494 2432
1388 4495 1001
2403 4496 3790
471 4497 4204
564 4498 1258
1025 4499 3831
4426 4500 804
2786 4501 4854
4294 4502 1924
3086 4503 593
3304 4504 4837
3997 4505 4695
4303 4506 738
3775 4507 2632
799 4508 978
2514 4509 3916
4354 4510 3508
4121 4511 1217
1405 4512 435
2661 4513 2712
1824 4514 1762
4121 4515 3247
3995 4516 2804
4433 4517 374
939 4518 4149
1027 4519 1134
1247 4520 2600
2115 4521 4193
610 4522 4355
186 4523 3099
2377 4524 4182
3937 4525 172
765 4526 3423
2292 4527 1962
2238 4528 1332
1492 4529 2061
4320 4530 2811
172 4531 3930
3700 4532 3447
1948 4533 3026
2241 4534 1669
1025 4535 2402
3791 4536 3960
1994 4537 219
385 4538 2270
3756 4539 2925
2050 4540 3347
1775 4541 3808
3514 4542 4047
3177 4543 4506
1701 4544 1594
4541 4545 3492
939 4546 4418
2666 4547 4872
3342 4548 2367
2560 4549 2157
3934 4550 4858
2940 4551 2316
2650 4552 1343
433 4553 770
2477 4554 2661
512 4555 4376
2948 4556 1193
3851 4557 1635
1847 4558 4149
3063 4559 1386
751 4560 4863
1829 4561 391
3236 4562 4748
1819 4563 4389
3688 4564 4589
1912 4565 3751
4488 4566 1421
672 4567 4367
499 4568 2872
3868 4569 81
359 4570 4507
25 4571 953
3928 4572 4499
2486 4573 2064
1307 4574 4454
2107 4575 3173
3601 4576 58
1132 4577 1560
1597 4578 4020
1419 4579 505
4103 4580 2290
755 4581 3073
2304 4582 1986
3276 4583 3074
4530 4584 1496
2771 4585 2721
686 4586 3256
848 4587 2639
3529 4588 3628
1406 4589 2215
3877 4590 1922
3866 4591 4843
3576 4592 1828
1466 4593 3773
580 4594 1360
1114 4595 4227
4075 4596 1534
1430 4597 2313
4391 4598 3048
2611 4599 719
1960 4600 195
144 4601 564
2495 4602 2203
4415 4603 1257
3970 4604 4809
1042 4605 159
2103 4606 1061
964 4607 4032
2817 4608 1000
3246 4609 4663
4506 4610 4560
597 4611 3103
3335 4612 1021
1804 4613 3569
4242 4614 4422
2301 4615 2698
3811 4616 4913
3577 4617 513
4531 4618 2438
4359 4619 659
3790 4620 1941
1928 4621 2104
3353 4622 2155
3883 4623 4206
3348 4624 347
3804 4625 4876
4057 4626 2550
901 4627 2975
4239 4628 2434
151 4629 4460
4622 4630 354
572 4631 3891
2694 4632 2087
2706 4633 4162
1098 4634 2717
352 4635 1548
1727 4636 920
4475 4637 3072
2122 4638 944
3588 4639 2337
4273 4640 1509
2152 4641 701
3369 4642 1430
2622 4643 3653
3145 4644 3926
3639 4645 359
4025 4646 507
4439 4647 2769
3075 4648 778
1113 4649 4555
932 4650 3835
3335 4651 2215
1061 4652 1761
1232 4653 4060
1942 4654 4486
4625 4655 4844
221 4656 3439
4175 4657 592
2357 4658 2070
3271 4659 4708
2766 4660 3028
3589 4661 1863
466 4662 1707
1564 4663 1045
1923 4664 1194
556 4665 371
3490 4666 2279
1194 4667 346
29 4668 2857
3423 4669 4040
1682 4670 1831
933 4671 708
3348 4672 2495
393 4673 191
3307 4674 474
3208 4675 4933
4246 4676 1205
3419 4677 1655
3569 4678 2576
1677 4679 2015
4176 4680 4482
3485 4681 2155
1622 4682 4700
2712 4683 4462
762 4684 2391
2823 4685 458
1628 4686 3389
2152 4687 80
2251 4688 3973
2608 4689 4847
1767 4690 3531
753 4691 4838
657 4692 1716
3195 4693 2287
1963 4694 2329
1265 4695 231
2749 4696 419
3378 4697 1209
4537 4698 4473
3388 4699 3089
2840 4700 228
451 4701 1794
1059 4702 4976
2713 4703 4902
3613 4704 2559
3100 4705 2670
731 4706 3105
2468 4707 2975
3614 4708 4724
1198 4709 1857
109 4710 2435
500 4711 3686
4252 4712 582
1375 4713 3359
223 4714 3872
2896 4715 2188
4648 4716 3008
3032 4717 128
1203 4718 669
787 4719 950
3306 4720 4432
848 4721 2600
3276 4722 4432
182 4723 404
2461 4724 340
3444 4725 2077
2809 4726 4640
1320 4727 2786
1283 4728 1858
4398 4729 838
2087 4730 2542
3084 4731 116
112 4732 2068
3270 4733 4604
3334 4734 3559
2558 4735 4139
599 4736 4614
4567 4737 3330
4342 4738 2584
4069 4739 4110
455 4740 3470
1997 4741 1753
4351 4742 4693
4445 4743 2491
199 4744 2369
4744 4745 3717
3993 4746 3362
4323 4747 2007
1223 4748 1899
1280 4749 4749
2918 4750 4556
1667 4751 161
1000 4752 2165
3567 4753 2588
3464 4754 912
2431 4755 2766
4353 4756 2519
599 4757 1495
634 4758 4050
3016 4759 4635
2916 4760 1623
60 4761 2256
4082 4762 1147
3246 4763 320
3880 4764 2962
4329 4765 4895
2749 4766 2011
3844 4767 2724
3846 4768 304
3442 4769 4140
2371 4770 3868
4088 4771 2936
3083 4772 1248
268 4773 1106
4241 4774 4179
1351 4775 4581
425 4776 4379
2580 4777 3326
752 4778 4146
2769 4779 2558
2934 4780 2956
2198 4781 3245
467 4782 1774
4562 4783 3171
1226 4784 2991
377 4785 1963
4387 4786 450
3728 4787 2261
1193 4788 195
665 4789 1646
3590 4790 1858
1645 4791 3481
3484 4792 66
934 4793 3415
502 4794 2510
523 4795 3937
1806 4796 3362
2922 4797 864
3849 4798 1310
4161 4799 2345
2888 4800 76
4337 4801 2540
128 4802 4078
4273 4803 1874
3404 4804 3171
3572 4805 2373
219 4806 1040
4554 4807 2392
1801 4808 2661
2568 4809 349
4034 4810 3366
3715 4811 1182
2659 4812 585
661 4813 393
4134 4814 1030
363 4815 1252
791 4816 3170
3961 4817 4857
4590 4818 499
2492 4819 3166
2037 4820 1773
134 4821 605
1521 4822 4649
1717 4823 4676
710 4824 4636
1248 4825 3929
248 4826 1642
4031 4827 1852
765 4828 1810
1800 4829 3938
3394 4830 1476
2393 4831 2999
4453 4832 3093
564 4833 4641
2254 4834 3455
427 4835 3149
4372 4836 2327
380 4837 3059
4284 4838 2252
3532 4839 579
2494 4840 2193
1412 4841 735
4158 4842 568
1345 4843 2648
1816 4844 1278
4534 4845 4339
2973 4846 3083
1308 4847 2574
2314 4848 2136
1720 4849 449
3597 4850 3515
1880 4851 48
3905 4852 3138
3313 4853 3039
669 4854 3800
2650 4855 113
1898 4856 3452
4012 4857 147
359 4858 4084
2398 4859 4483
4625 4860 1629
4422 4861 3049
695 4862 841
3820 4863 50
579 4864 1641
1550 4865 746
532 4866 3488
4737 4867 4665
3496 4868 1442
1995 4869 2018
3817 4870 2466
217 4871 1909
132 4872 1183
3175 4873 2344
1974 4874 583
4748 4875 1108
3163 4876 4064
1325 4877 1824
4705 4878 2668
2944 4879 438
523 4880 876
1538 4881 1204
2905 4882 966
4123 4883 2027
130 4884 3404
1733 4885 3454
2261 4886 1039
2172 4887 1667
2796 4888 1363
3627 4889 1396
2294 4890 1832
1905 4891 326
2145 4892 3465
136 4893 3328
438 4894 3509
2235 4895 1860
1876 4896 1561
230 4897 3274
4295 4898 1334
611 4899 1477
4127 4900 2691
2114 4901 1152
296 4902 1564
4535 4903 1261
4238 4904 3297
3367 4905 3446
1804 4906 2898
1554 4907 1866
45 4908 3990
729 4909 3645
3017 4910 1375
4420 4911 413
2713 4912 4032
1956 4913 4718
4003 4914 3615
3367 4915 221
1329 4916 3030
3978 4917 3937
1525 4918 3305
2565 4919 30
2330 4920 4960
1203 4921 3682
3633 4922 4122
906 4923 4975
2472 4924 1515
4651 4925 214
4165 4926 833
326 4927 3830
4220 4928 3640
1634 4929 852
4043 4930 3671
455 4931 1941
1914 4932 2063
2256 4933 2839
1871 4934 4787
3902 4935 2798
3091 4936 686
4554 4937 1746
3828 4938 4748
537 4939 1537
3272 4940 2500
4707 4941 3026
3085 4942 3870
902 4943 4132
4146 4944 2356
221 4945 2120
1260 4946 4651
2324 4947 2540
540 4948 4
1372 4949 3955
3631 4950 890
2992 4951 3104
3512 4952 4336
2795 4953 225
3050 4954 3936
2009 4955 1982
1434 4956 2565
4634 4957 1626
3042 4958 3584
4287 4959 3676
33 4960 4525
2513 4961 185
1369 4962 1710
583 4963 1902
1727 4964 2548
3162 4965 494
348 4966 637
1311 4967 2426
2260 4968 1990
174 4969 797
1409 4970 2037
1965 4971 138
2184 4972 4065
1850 4973 2380
1728 4974 2210
1221 4975 813
1864 4976 3918
3845 4977 1792
4167 4978 2270
4241 4979 4153
773 4980 670
1809 4981 623
253 4982 3742
1611 4983 2970
949 4984 2911
3124 4985 251
315 4986 2229
4230 4987 4932
1871 4988 3757
2642 4989 360
2198 4990 4469
1254 4991 3993
2530 4992 3285
1195 4993 1802
2754 4994 3883
4530 4995 1833
983 4996 2438
811 4997 3856
539 4998 1924
2609 4999 327
1351 5000 2576
321 5001 2080
1691 5002 1597
1350 5003 599
2162 5004 1783
4213 5005 4384
3402 5006 458
1218 5007 1086
3117 5008 3731
413 5009 1742
1985 5010 2218
4238 5011 328
29 5012 398
1320 5013 2363
2088 5014 2952
2708 5015 810
4577 5016 3693
3112 5017 3646
3482 5018 2122
4998 5019 1475
3883 5020 1485
611 5021 4723
1752 5022 1405
1038 5023 1272
3730 5024 2640
3199 5025 3152
3509 5026 1008
3288 5027 1154
1976 5028 3993
2794 5029 1149
2393 5030 2833
1188 5031 4211
722 5032 4632
1208 5033 667
2536 5034 545
4778 5035 4633
4583 5036 4251
134 5037 4299
1189 5038 2007
3230 5039 522
1566 5040 2756
4491 5041 1197
2458 5042 841
709 5043 3902
2054 5044 428
2235 5045 995
3165 5046 33
4023 5047 2615
4251 5048 1075
1891 5049 2101
280 5050 113
3341 5051 4897
2680 5052 4243
4908 5053 4776
4689 5054 2764
2547 5055 1996
3689 5056 2436
1468 5057 4098
2034 5058 2649
2702 5059 3598
2805 5060 469
104 5061 961
1195 5062 2061
686 5063 192
2774 5064 4756
1839 5065 1996
2610 5066 3744
1772 5067 2493
4744 5068 1981
2285 5069 4217
3046 5070 2041
4922 5071 64
1371 5072 1950
2861 5073 3535
1898 5074 3200
4884 5075 2696
4553 5076 3528
780 5077 712
3124 5078 4904
1606 5079 1673
1356 5080 1178
3271 5081 426
5000 5082 4570
1069 5083 3328
3045 5084 4308
4671 5085 532
149 5086 1635
1829 5087 1726
1386 5088 3364
3174 5089 4353
2137 5090 2606
372 5091 1372
2320 5092 3239
4411 5093 4926
5025 5094 3588
4120 5095 2942
2788 5096 958
4394 5097 2028
4558 5098 23
407 5099 960
3498 5100 1986
4302 5101 824
4428 5102 1884
525 5103 308
3815 5104 377
1169 5105 3092
3362 5106 2784
1066 5107 2188
1274 5108 951
1431 5109 4275
3289 5110 4710
4835 5111 4333
2264 5112 4067
1743 5113 4778
2436 5114 2093
2942 5115 864
4485 5116 3990
1824 5117 384
4247 5118 2650
1110 5119 1812
2565 5120 4775
4745 5121 1038
1836 5122 131
703 5123 4925
3966 5124 2517
2569 5125 4210
2501 5126 1265
1044 5127 2438
507 5128 1431
2539 5129 1297
461 5130 392
2174 5131 3801
3128 5132 452
4312 5133 966
1600 5134 1245
5132 5135 1289
2607 5136 3771
2219 5137 397
3041 5138 2222
683 5139 3861
1005 5140 1448
4563 5141 2537
2974 5142 3669
2919 5143 2322
2377 5144 2453
2609 5145 4700
629 5146 3985
1884 5147 4818
4130 5148 360
4643 5149 3721
1298 5150 670
1100 5151 4991
2432 5152 4368
2156 5153 3194
4482 5154 2991
4341 5155 4684
1105 5156 152
4085 5157 960
3261 5158 2005
134 5159 3661
1512 5160 4218
1751 5161 3204
4938 5162 818
4134 5163 4852
3581 5164 4403
2653 5165 4077
2069 5166 821
3390 5167 966
3663 5168 1579
2096 5169 3702
4802 5170 2649
2792 5171 608
562 5172 4999
3585 5173 3241
1273 5174 2176
810 5175 2051
5043 5176 509
3007 5177 1059
3335 5178 377
3704 5179 2962
2050 5180 1426
5018 5181 3503
921 5182 4231
5013 5183 1925
5029 5184 1971
793 5185 4789
688 5186 2287
1896 5187 3982
4402 5188 1378
1943 5189 329
2103 5190 3392
373 5191 1900
2223 5192 4420
845 5193 3606
360 5194 4187
705 5195 2713
1125 5196 1161
1631 5197 3581
3018 5198 4571
484 5199 2530
4884 5200 338
967 5201 22
4862 5202 3665
874 5203 667
3934 5204 3537
1110 5205 2247
1117 5206 990
2089 5207 1076
1874 5208 946
516 5209 3628
2577 5210 2539
1211 5211 3868
3481 5212 2024
2716 5213 2240
4093 5214 738
4239 5215 2068
2910 5216 750
4910 5217 4191
21 5218 2832
291 5219 3434
4493 5220 4247
2041 5221 4027
3302 5222 1984
942 5223 3561
3413 5224 4851
660 5225 385
2271 5226 4609
3452 5227 4169
3181 5228 1864
4350 5229 1512
3942 5230 3024
1508 5231 3914
397 5232 4856
168 5233 4560
2593 5234 3538
5207 5235 1259
1303 5236 655
3478 5237 2218
3319 5238 3706
4729 5239 536
1799 5240 1846
3651 5241 4684
2410 5242 1235
1591 5243 1688
3681 5244 3256
1499 5245 594
4567 5246 4858
3264 5247 4632
1609 5248 2698
3448 5249 823
5100 5250 594
1406 5251 3815
3299 5252 4207
932 5253 4738
1996 5254 2702
2076 5255 4158
5016 5256 3989
2571 5257 1839
2798 5258 333
425 5259 2094
4625 5260 3072
4806 5261 295
817 5262 4361
3403 5263 3304
2493 5264 3262
5106 5265 2917
2294 5266 55
1803 5267 2936
1350 5268 1182
2400 5269 3606
3537 5270 3115
2518 5271 3745
245 5272 3811
3698 5273 439
4801 5274 2575
3015 5275 2594
3806 5276 1181
1143 5277 4670
323 5278 4821
437 5279 175
5018 5280 3130
4371 5281 1693
2438 5282 4294
3362 5283 4354
2051 5284 3435
3674 5285 1363
4656 5286 1841
3805 5287 4467
3854 5288 4601
1596 5289 1621
1070 5290 3042
941 5291 4271
4495 5292 4875
4648 5293 956
1906 5294 3153
1476 5295 2861
1624 5296 4357
1976 5297 3708
5044 5298 3127
1567 5299 3913
2363 5300 1382
1307 5301 1708
1831 5302 3898
4352 5303 2683
3344 5304 281
495 5305 3077
351 5306 3139
5185 5307 21
4417 5308 1743
546 5309 784
1649 5310 2721
4727 5311 2659
3395 5312 4480
954 5313 1735
3598 5314 3447
5308 5315 4022
1445 5316 4759
4436 5317 4944
2452 5318 1156
2932 5319 1767
4850 5320 1297
2791 5321 4039
3667 5322 3101
857 5323 2453
1584 5324 4624
5204 5325 327
4390 5326 4571
4690 5327 2734
3729 5328 441
2397 5329 1400
4119 5330 4126
1613 5331 4002
3773 5332 1837
3359 5333 4776
1345 5334 2729
319 5335 3232
3012 5336 3248
4075 5337 4473
5004 5338 4205
3254 5339 2899
2079 5340 3314
2958 5341 2863
873 5342 764
4201 5343 3888
378 5344 515
3519 5345 623
262 5346 239
2066 5347 502
4701 5348 3621
5099 5349 4223
3441 5350 3039
1761 5351 3324
3017 5352 3553
804 5353 1782
3099 5354 4636
1530 5355 1817
4256 5356 4450
3312 5357 3195
5207 5358 3197
4190 5359 851
3541 5360 2801
4486 5361 4174
1065 5362 1250
1789 5363 1644
5195 5364 4957
5057 5365 2339
3976 5366 3645
173 5367 588
2492 5368 4275
1008 5369 3441
192 5370 4283
4570 5371 4112
2187 5372 1706
2319 5373 1342
4342 5374 4214
756 5375 2088
1569 5376 952
5371 5377 4054
4918 5378 3529
4477 5379 1914
2078 5380 1153
1233 5381 1237
1319 5382 1880
3011 5383 3523
4787 5384 662
471 5385 274
301 5386 1412
3981 5387 513
256 5388 619
2565 5389 1256
1051 5390 4405
2258 5391 3306
85 5392 3937
4624 5393 1314
5079 5394 2104
4057 5395 3667
3187 5396 781
1888 5397 2647
3006 5398 4421
1776 5399 548
2661 5400 3767
4474 5401 568
2769 5402 1169
3236 5403 3548
1690 5404 2986
267 5405 4346
3500 5406 1303
152 5407 2965
5346 5408 4913
5379 5409 1367
4069 5410 461
184 5411 3748
1619 5412 4901
4123 5413 4855
1928 5414 1230
4286 5415 4280
2622 5416 250
210 5417 336
1445 5418 3426
3099 5419 2499
3752 5420 3326
3567 5421 4469
617 5422 305
4117 5423 260
600 5424 3384
10 5425 4643
2084 5426 2097
4854 5427 3511
2605 5428 2054
2306 5429 653
2917 5430 3199
1966 5431 54
4401 5432 1085
3280 5433 3922
4061 5434 2786
905 5435 3151
1759 5436 3797
474 5437 1984
1606 5438 1662
5327 5439 2661
3033 5440 627
1970 5441 3624
3106 5442 1194
2765 5443 4987
1993 5444 3537
1931 5445 4628
473 5446 3531
123 5447 41
2384 5448 2674
370 5449 1028
3212 5450 3444
4945 5451 4080
2860 5452 2106
1599 5453 4449
833 5454 1702
3369 5455 2194
1134 5456 957
3216 5457 4004
4607 5458 2124
1320 5459 749
2905 5460 1012
1328 5461 320
1171 5462 3530
3541 5463 1256
496 5464 1002
569 5465 1389
3620 5466 2223
1553 5467 837
1120 5468 1217
4928 5469 2720
4621 5470 1978
5378 5471 3685
2828 5472 3806
5288 5473 3292
3803 5474 4224
2600 5475 4866
5021 5476 1558
2793 5477 1335
55 5478 2779
332 5479 3797
3843 5480 1374
3823 5481 2234
4549 5482 670
1392 5483 4231
215 5484 2275
1149 5485 3791
3862 5486 4159
1067 5487 3117
2227 5488 4737
3653 5489 4875
4462 5490 4196
3358 5491 3233
4064 5492 1440
3103 5493 3889
2138 5494 637
5192 5495 2379
5293 5496 4855
11 5497 3811
2117 5498 3487
3988 5499 2182
749 5500 119
2287 5501 4360
3275 5502 1959
3007 5503 2369
1487 5504 826
2838 5505 1870
5171 5506 3508
2157 5507 3470
2474 5508 269
5474 5509 192
2892 5510 2150
4461 5511 2580
2777 5512 4890
422 5513 90
2904 5514 890
882 5515 4773
4999 5516 1718
4903 5517 452
1059 5518 1536
172 5519 2766
5477 5520 3978
3194 5521 4523
2162 5522 1047
1550 5523 2823
99 5524 3777
1246 5525 175
5360 5526 4413
5374 5527 1008
956 5528 3626
2077 5529 3761
54 5530 3093
5467 5531 2193
2524 5532 3519
2419 5533 2765
34 5534 10
4368 5535 586
2103 5536 2464
2912 5537 587
4903 5538 3638
161 5539 2111
4850 5540 3553
4018 5541 1765
3249 5542 1073
1392 5543 1903
3416 5544 4800
4361 5545 1493
3531 5546 699
2700 5547 202
5036 5548 557
854 5549 57
4723 5550 3050
1728 5551 3451
650 5552 839
1630 5553 285
2898 5554 1307
1552 5555 1471
994 5556 3196
5356 5557 263
2473 5558 2328
2890 5559 4969
5298 5560 524
817 5561 3636
1164 5562 3347
2027 5563 1278
5260 5564 2361
2773 5565 3301
4905 5566 936
5309 5567 2138
4555 5568 107
457 5569 736
5306 5570 265
1694 5571 1025
4664 5572 4169
1834 5573 1280
1094 5574 47
1051 5575 1619
1275 5576 3799
3538 5577 2922
4369 5578 3764
3506 5579 3016
2217 5580 1828
4400 5581 581
2619 5582 3676
403 5583 2384
3439 5584 3694
3658 5585 1486
1808 5586 1209
4376 5587 4859
5196 5588 1591
4363 5589 3773
4990 5590 2944
2770 5591 2979
849 5592 4495
3447 5593 3605
3928 5594 3193
1321 5595 3054
73 5596 816
2807 5597 973
4930 5598 3184
3527 5599 3816
3477 5600 1131
1137 5601 1659
5410 5602 3585
2315 5603 1256
5249 5604 187
85 5605 4963
1647 5606 244
4048 5607 838
3175 5608 481
4203 5609 2267
549 5610 4071
232 5611 68
212 5612 4449
274 5613 2530
3455 5614 9
2794 5615 4711
2559 5616 554
970 5617 697
1917 5618 673
4117 5619 2049
731 5620 3816
3313 5621 1476
3353 5622 1524
3983 5623 1752
2908 5624 4912
4555 5625 3032
2365 5626 2133
1724 5627 2556
1050 5628 1402
1978 5629 2885
4561 5630 406
2217 5631 2805
2399 5632 2651
3712 5633 4239
5196 5634 281
3500 5635 4745
476 5636 2380
4271 5637 2195
323 5638 4329
5619 5639 3013
4924 5640 1721
1784 5641 418
41 5642 2921
5102 5643 199
5607 5644 2344
3701 5645 1554
1932 5646 3435
3962 5647 1277
4846 5648 4961
1944 5649 3843
2288 5650 4285
4738 5651 413
1897 5652 4471
2209 5653 1357
3366 5654 2884
2629 5655 2362
5307 5656 978
4381 5657 1704
1251 5658 3096
4683 5659 1948
723 5660 4549
2617 5661 3093
3300 5662 2831
486 5663 2868
4703 5664 4059
2974 5665 3680
2870 5666 4044
900 5667 599
488 5668 2731
3961 5669 2562
2223 5670 1183
3076 5671 1195
5433 5672 3156
325 5673 2310
1207 5674 4357
490 5675 4907
4502 5676 894
5228 5677 2924
3517 5678 4386
1202 5679 2872
1929 5680 3904
3071 5681 414
4013 5682 2722
4321 5683 178
2754 5684 265
3960 5685 4551
2949 5686 2713
1238 5687 2565
2085 5688 3137
5499 5689 4111
2149 5690 4621
1211 5691 166
551 5692 4250
1031 5693 463
2618 5694 4468
272 5695 3313
5636 5696 2057
5683 5697 2227
4680 5698 3154
3684 5699 4304
5203 5700 1544
1572 5701 1197
3039 5702 1672
2408 5703 2847
4818 5704 4011
1880 5705 4615
679 5706 462
464 5707 1524
956 5708 4106
1219 5709 3572
1824 5710 2542
4036 5711 4415
1337 5712 2293
2604 5713 634
3766 5714 1605
2401 5715 4107
4874 5716 863
2368 5717 3079
3992 5718 2890
2433 5719 22
5281 5720 3565
3945 5721 606
2744 5722 107
5436 5723 180
4365 5724 1770
3923 5725 4322
4418 5726 1203
4595 5727 3878
2319 5728 3576
255 5729 3362
2823 5730 4948
48 5731 3582
4110 5732 2315
2296 5733 4700
4191 5734 3467
1140 5735 2420
1601 5736 1628
2861 5737 2387
2651 5738 2607
3838 5739 2974
5093 5740 3308
313 5741 4439
2761 5742 4626
3433 5743 2096
3862 5744 4222
4896 5745 290
4969 5746 2219
2657 5747 1380
906 5748 3402
5331 5749 3240
1617 5750 3845
4391 5751 1063
2994 5752 4007
1962 5753 563
4888 5754 3696
1154 5755 786
522 5756 4064
1443 5757 745
4170 5758 1143
4189 5759 2466
4178 5760 3051
2470 5761 3164
3449 5762 1300
3916 5763 3888
4979 5764 4485
4609 5765 3872
4952 5766 3641
2929 5767 4940
5076 5768 4415
2237 5769 2314
2800 5770 2247
1232 5771 1998
3681 5772 1230
4510 5773 4889
4131 5774 3894
1545 5775 421
1140 5776 1056
914 5777 2852
1464 5778 4414
1136 5779 1872
1816 5780 3642
4020 5781 4468
4486 5782 577
1646 5783 3813
2581 5784 3311
1978 5785 4775
3285 5786 4972
2835 5787 1305
698 5788 3820
3607 5789 4078
2930 5790 2915
4363 5791 3434
685 5792 2704
3961 5793 3826
4435 5794 4525
1964 5795 4772
3157 5796 4345
4593 5797 3507
5076 5798 1376
4569 5799 3317
1085 5800 2383
1087 5801 771
616 5802 4403
4923 5803 4730
2141 5804 4631
1697 5805 2350
5511 5806 3445
801 5807 3667
1819 5808 3538
1353 5809 1591
4647 5810 4045
5049 5811 1506
4897 5812 4533
347 5813 3897
2949 5814 327
2257 5815 2450
4185 5816 1449
937 5817 1146
2813 5818 4986
4158 5819 1996
5780 5820 1707
4241 5821 2505
5310 5822 1257
4382 5823 3664
383 5824 4748
3917 5825 800
3949 5826 4006
1613 5827 3185
4636 5828 2887
3829 5829 4964
5152 5830 455
2830 5831 4254
2134 5832 3055
636 5833 4141
4400 5834 832
1352 5835 3105
796 5836 1237
5261 5837 2263
4195 5838 1782
3462 5839 2436
940 5840 2269
5634 5841 4146
3466 5842 3471
104 5843 60
495 5844 4409
2670 5845 1348
3722 5846 1707
1707 5847 2729
2685 5848 2373
4414 5849 1561
874 5850 4405
4793 5851 3557
5182 5852 1534
1730 5853 4180
3323 5854 4667
1946 5855 2274
742 5856 740
1087 5857 1515
4898 5858 1258
2725 5859 2267
3661 5860 4532
4257 5861 4917
1712 5862 4700
2312 5863 490
2787 5864 3876
2394 5865 588
4703 5866 2924
5513 5867 378
4422 5868 4628
4911 5869 2160
2884 5870 2465
2845 5871 986
2711 5872 3443
5285 5873 4755
3941 5874 4326
857 5875 512
5012 5876 546
875 5877 125
2688 5878 2460
648 5879 3645
4567 5880 4501
3943 5881 3621
649 5882 1489
1859 5883 4234
1084 5884 4521
5844 5885 2279
3461 5886 3046
1381 5887 4758
2592 5888 2394
3920 5889 2629
434 5890 1244
2854 5891 3248
5238 5892 3915
614 5893 3802
2651 5894 3659
4410 5895 2080
2545 5896 2041
1555 5897 3679
3365 5898 3301
521 5899 3849
2291 5900 4298
5691 5901 2134
5110 5902 1506
2662 5903 2112
5052 5904 3475
4131 5905 562
3844 5906 4196
1372 5907 4913
2892 5908 4937
2317 5909 1963
4786 5910 3539
4426 5911 2083
4571 5912 4586
1438 5913 714
3880 5914 1675
5376 5915 4128
4410 5916 4158
664 5917 312
4178 5918 771
2503 5919 1045
816 5920 308
3558 5921 3120
2599 5922 3331
3362 5923 4055
694 5924 4802
520 5925 3021
3641 5926 4277
3998 5927 3537
1042 5928 2191
4340 5929 3738
1352 5930 1962
1900 5931 1509
4007 5932 522
1747 5933 1758
575 5934 3803
4799 5935 1336
5414 5936 3735
1511 5937 3026
1220 5938 426
3666 5939 3781
873 5940 3077
5434 5941 2521
3307 5942 1050
2842 5943 338
39 5944 2532
3590 5945 4217
5458 5946 489
4942 5947 4622
3187 5948 505
821 5949 37
857 5950 2077
4039 5951 3583
4127 5952 4200
2169 5953 1364
3313 5954 2913
1015 5955 650
1947 5956 28
3357 5957 2820
2039 5958 4874
2076 5959 675
5395 5960 3736
2859 5961 2542
1892 5962 901
3719 5963 2873
3019 5964 2600
2996 5965 4152
3788 5966 3698
3659 5967 4568
2734 5968 2849
3632 5969 1301
3265 5970 894
2156 5971 3372
5399 5972 1083
5792 5973 1194
1614 5974 1748
1757 5975 4925
5972 5976 2213
3656 5977 3239
3243 5978 753
4516 5979 4673
698 5980 1125
4254 5981 4505
2678 5982 4221
3980 5983 283
4581 5984 4008
5769 5985 2940
4987 5986 723
4535 5987 4101
4646 5988 416
1669 5989 2058
842 5990 3260
3694 5991 4090
4046 5992 1834
560 5993 2569
3279 5994 694
1478 5995 757
3978 5996 50
280 5997 538
2680 5998 1924
1360 5999 90
3249 6000 1096
